0
0.51 0.39 0.47 0.50 0.52 0.46 0.40 0.48 0.51 0.56 0.55 0.61 0.57 0.63 0.67 0.65 0.68 0.74 0.68 0.52 0.73 0.68 0.76 0.72 0.72 0.71 0.74 0.68 0.72 0.71 0.74 0.72 0.75 0.68 0.72 0.70 0.67 0.68 0.67 0.68 0.67 0.74 0.75 0.69 0.65 0.67 0.60 0.62
0.65 0.41 0.41 0.54 0.52 0.39 0.51 0.56 0.48 0.53 0.60 0.54 0.59 0.66 0.62 0.74 0.71 0.81 0.71 0.76 0.65 0.72 0.76 0.74 0.68 0.75 0.80 0.65 0.72 0.68 0.68 0.72 0.66 0.74 0.78 0.71 0.65 0.66 0.64 0.66 0.66 0.74 0.68 0.59 0.69 0.67 0.72 0.70
0.40 0.35 0.54 0.53 0.40 0.46 0.48 0.64 0.39 0.48 0.59 0.64 0.65 0.64 0.71 0.63 0.68 0.72 0.67 0.72 0.67 0.71 0.71 0.73 0.66 0.67 0.73 0.68 0.68 0.65 0.65 0.73 0.68 0.67 0.71 0.67 0.78 0.64 0.68 0.67 0.67 0.57 0.66 0.69 0.67 0.62 0.60 0.66
0.64 0.42 0.50 0.39 0.45 0.47 0.50 0.56 0.59 0.56 0.57 0.72 0.72 0.70 0.67 0.64 0.74 0.76 0.72 0.58 0.76 0.75 0.67 0.72 0.82 0.70 0.76 0.65 0.72 0.73 0.70 0.76 0.72 0.72 0.67 0.69 0.68 0.67 0.68 0.62 0.64 0.63 0.68 0.65 0.68 0.59 0.62 0.64
0.69 0.35 0.47 0.49 0.52 0.48 0.49 0.60 0.52 0.64 0.60 0.64 0.67 0.71 0.58 0.76 0.70 0.69 0.64 0.76 0.67 0.74 0.75 0.75 0.69 0.75 0.71 0.64 0.73 0.66 0.70 0.71 0.66 0.75 0.72 0.72 0.71 0.71 0.64 0.71 0.73 0.65 0.75 0.62 0.61 0.61 0.68 0.59
0.57 0.59 0.48 0.51 0.45 0.45 0.53 0.53 0.46 0.50 0.58 0.68 0.52 0.62 0.68 0.70 0.72 0.63 0.73 0.75 0.73 0.68 0.75 0.69 0.71 0.69 0.78 0.63 0.72 0.69 0.68 0.69 0.72 0.72 0.64 0.72 0.69 0.63 0.56 0.63 0.66 0.60 0.73 0.65 0.70 0.69 0.68 0.64
0.61 0.48 0.56 0.46 0.43 0.47 0.51 0.44 0.48 0.50 0.50 0.70 0.63 0.65 0.76 0.66 0.75 0.72 0.70 0.70 0.61 0.74 0.73 0.72 0.72 0.68 0.72 0.71 0.72 0.59 0.81 0.67 0.65 0.73 0.70 0.77 0.71 0.67 0.70 0.68 0.66 0.67 0.64 0.67 0.68 0.68 0.55 0.68
0.57 0.42 0.43 0.44 0.58 0.45 0.52 0.58 0.47 0.56 0.66 0.59 0.64 0.63 0.72 0.65 0.76 0.70 0.74 0.74 0.72 0.77 0.71 0.74 0.74 0.77 0.68 0.71 0.69 0.64 0.61 0.70 0.69 0.65 0.64 0.64 0.72 0.70 0.67 0.65 0.63 0.64 0.69 0.61 0.64 0.69 0.71 0.56
0.56 0.41 0.63 0.62 0.48 0.50 0.56 0.55 0.54 0.58 0.60 0.62 0.65 0.69 0.75 0.71 0.74 0.70 0.70 0.69 0.72 0.75 0.70 0.73 0.68 0.74 0.68 0.65 0.73 0.69 0.80 0.74 0.72 0.64 0.70 0.72 0.68 0.64 0.65 0.66 0.67 0.68 0.70 0.69 0.74 0.67 0.67 0.63
0.55 0.47 0.48 0.44 0.41 0.59 0.49 0.49 0.56 0.55 0.55 0.64 0.64 0.69 0.75 0.61 0.76 0.69 0.74 0.65 0.65 0.77 0.66 0.80 0.68 0.69 0.67 0.78 0.76 0.65 0.77 0.72 0.72 0.64 0.66 0.69 0.73 0.65 0.73 0.72 0.67 0.64 0.64 0.60 0.70 0.69 0.66 0.60
0.50 0.49 0.52 0.54 0.53 0.40 0.52 0.55 0.51 0.50 0.60 0.69 0.74 0.66 0.71 0.76 0.72 0.75 0.76 0.66 0.69 0.72 0.75 0.74 0.74 0.66 0.74 0.72 0.75 0.71 0.74 0.68 0.75 0.70 0.68 0.72 0.55 0.72 0.61 0.68 0.70 0.63 0.69 0.69 0.65 0.64 0.66 0.59
0.46 0.52 0.50 0.38 0.51 0.50 0.53 0.57 0.44 0.52 0.61 0.68 0.59 0.63 0.71 0.70 0.65 0.74 0.71 0.67 0.67 0.73 0.73 0.72 0.73 0.75 0.75 0.77 0.71 0.67 0.69 0.70 0.68 0.68 0.73 0.77 0.75 0.62 0.65 0.64 0.71 0.63 0.68 0.71 0.74 0.61 0.61 0.66
0.65 0.51 0.44 0.46 0.49 0.47 0.49 0.51 0.44 0.49 0.53 0.55 0.64 0.68 0.62 0.71 0.70 0.69 0.67 0.72 0.70 0.71 0.76 0.77 0.74 0.73 0.77 0.69 0.70 0.66 0.70 0.78 0.70 0.74 0.70 0.66 0.67 0.64 0.60 0.61 0.67 0.68 0.69 0.62 0.64 0.70 0.63 0.65
0.43 0.58 0.57 0.43 0.54 0.43 0.54 0.53 0.52 0.58 0.67 0.64 0.62 0.68 0.69 0.69 0.76 0.69 0.76 0.67 0.72 0.76 0.76 0.72 0.73 0.76 0.68 0.71 0.73 0.64 0.78 0.69 0.68 0.66 0.72 0.67 0.71 0.67 0.71 0.65 0.73 0.70 0.71 0.64 0.65 0.68 0.67 0.67
0.59 0.48 0.55 0.51 0.43 0.56 0.44 0.51 0.45 0.56 0.62 0.62 0.68 0.69 0.64 0.67 0.68 0.73 0.68 0.75 0.69 0.71 0.68 0.72 0.77 0.77 0.76 0.71 0.76 0.74 0.62 0.71 0.68 0.72 0.66 0.72 0.66 0.64 0.64 0.72 0.66 0.64 0.63 0.71 0.65 0.61 0.65 0.69
0.64 0.38 0.39 0.49 0.55 0.56 0.38 0.59 0.52 0.56 0.60 0.62 0.65 0.66 0.72 0.75 0.68 0.72 0.72 0.66 0.75 0.76 0.71 0.79 0.72 0.67 0.69 0.73 0.69 0.72 0.69 0.68 0.72 0.76 0.71 0.74 0.72 0.62 0.72 0.64 0.68 0.64 0.74 0.65 0.67 0.68 0.65 0.64
0.48 0.44 0.47 0.49 0.54 0.53 0.43 0.48 0.48 0.58 0.55 0.61 0.58 0.69 0.68 0.73 0.69 0.77 0.74 0.69 0.69 0.62 0.79 0.76 0.80 0.72 0.71 0.73 0.72 0.66 0.62 0.69 0.66 0.66 0.68 0.61 0.65 0.72 0.65 0.71 0.64 0.70 0.66 0.63 0.68 0.71 0.68 0.72
0.56 0.51 0.46 0.46 0.46 0.46 0.46 0.54 0.53 0.56 0.64 0.65 0.69 0.70 0.70 0.71 0.74 0.76 0.71 0.76 0.60 0.78 0.80 0.77 0.66 0.69 0.76 0.61 0.76 0.74 0.82 0.74 0.64 0.79 0.74 0.77 0.70 0.62 0.65 0.66 0.71 0.74 0.68 0.68 0.73 0.73 0.62 0.61
0.55 0.43 0.40 0.45 0.53 0.45 0.60 0.48 0.43 0.51 0.61 0.65 0.68 0.60 0.71 0.68 0.72 0.73 0.73 0.71 0.69 0.72 0.76 0.76 0.77 0.80 0.74 0.73 0.72 0.75 0.68 0.74 0.63 0.66 0.72 0.71 0.71 0.63 0.67 0.65 0.64 0.72 0.64 0.66 0.69 0.65 0.67 0.61
0.52 0.44 0.46 0.60 0.47 0.40 0.49 0.50 0.52 0.56 0.62 0.69 0.66 0.70 0.72 0.69 0.73 0.68 0.69 0.64 0.70 0.69 0.69 0.72 0.72 0.69 0.62 0.73 0.72 0.77 0.69 0.73 0.69 0.67 0.71 0.71 0.66 0.67 0.71 0.59 0.68 0.65 0.75 0.63 0.65 0.69 0.64 0.68
