0
0.60 0.42 0.50 0.52 0.57 0.50 0.42 0.51 0.55 0.61 0.60 0.66 0.61 0.68 0.68 0.66 0.69 0.75 0.69 0.56 0.75 0.70 0.77 0.73 0.73 0.72 0.75 0.70 0.72 0.71 0.75 0.72 0.76 0.69 0.72 0.70 0.69 0.69 0.67 0.69 0.67 0.75 0.76 0.69 0.67 0.68 0.61 0.64
0.69 0.47 0.46 0.56 0.55 0.47 0.54 0.58 0.54 0.55 0.64 0.57 0.63 0.68 0.64 0.76 0.71 0.82 0.73 0.78 0.66 0.73 0.78 0.76 0.69 0.77 0.80 0.67 0.74 0.69 0.69 0.74 0.67 0.74 0.79 0.72 0.66 0.67 0.64 0.68 0.67 0.75 0.68 0.59 0.71 0.67 0.73 0.72
0.46 0.40 0.57 0.57 0.40 0.51 0.50 0.68 0.42 0.52 0.61 0.68 0.70 0.67 0.75 0.64 0.68 0.73 0.68 0.73 0.67 0.71 0.72 0.74 0.67 0.68 0.74 0.70 0.69 0.65 0.66 0.74 0.68 0.69 0.72 0.68 0.79 0.65 0.70 0.67 0.68 0.57 0.67 0.69 0.67 0.62 0.61 0.67
0.70 0.48 0.53 0.43 0.48 0.52 0.54 0.60 0.62 0.60 0.60 0.73 0.74 0.76 0.70 0.66 0.75 0.77 0.73 0.61 0.78 0.76 0.69 0.73 0.82 0.70 0.77 0.67 0.72 0.75 0.71 0.77 0.73 0.74 0.67 0.70 0.69 0.68 0.69 0.63 0.66 0.64 0.68 0.65 0.70 0.60 0.62 0.64
0.78 0.44 0.53 0.51 0.54 0.53 0.52 0.63 0.56 0.68 0.62 0.67 0.71 0.72 0.63 0.79 0.73 0.71 0.65 0.79 0.68 0.75 0.76 0.75 0.70 0.76 0.71 0.65 0.73 0.67 0.71 0.72 0.68 0.76 0.73 0.73 0.72 0.71 0.64 0.72 0.74 0.66 0.75 0.63 0.61 0.62 0.69 0.60
0.65 0.67 0.50 0.55 0.48 0.50 0.55 0.55 0.48 0.54 0.60 0.70 0.54 0.67 0.71 0.72 0.73 0.65 0.76 0.76 0.74 0.69 0.78 0.70 0.72 0.71 0.79 0.65 0.72 0.70 0.69 0.70 0.73 0.73 0.64 0.74 0.69 0.64 0.58 0.64 0.66 0.61 0.75 0.66 0.71 0.70 0.70 0.65
0.71 0.56 0.56 0.49 0.44 0.53 0.55 0.46 0.49 0.56 0.52 0.70 0.70 0.68 0.78 0.67 0.76 0.73 0.72 0.70 0.65 0.77 0.73 0.73 0.73 0.68 0.72 0.72 0.75 0.59 0.83 0.67 0.66 0.73 0.73 0.78 0.72 0.67 0.71 0.68 0.66 0.67 0.64 0.67 0.68 0.68 0.56 0.68
0.66 0.51 0.46 0.46 0.61 0.49 0.57 0.59 0.48 0.60 0.68 0.61 0.66 0.66 0.74 0.66 0.76 0.72 0.76 0.74 0.72 0.77 0.73 0.76 0.75 0.77 0.68 0.72 0.70 0.65 0.62 0.70 0.69 0.66 0.65 0.66 0.73 0.71 0.68 0.65 0.65 0.65 0.70 0.61 0.65 0.70 0.72 0.57
0.64 0.47 0.67 0.64 0.54 0.54 0.61 0.57 0.56 0.60 0.62 0.63 0.68 0.71 0.76 0.71 0.75 0.71 0.73 0.69 0.74 0.76 0.71 0.75 0.68 0.75 0.69 0.65 0.73 0.70 0.81 0.74 0.73 0.64 0.71 0.74 0.69 0.65 0.65 0.67 0.68 0.68 0.71 0.70 0.76 0.68 0.68 0.64
0.65 0.49 0.52 0.48 0.46 0.61 0.52 0.56 0.58 0.57 0.60 0.65 0.68 0.72 0.78 0.62 0.77 0.70 0.77 0.65 0.68 0.79 0.67 0.82 0.68 0.69 0.67 0.78 0.77 0.65 0.77 0.74 0.73 0.66 0.67 0.69 0.74 0.67 0.73 0.74 0.67 0.65 0.64 0.60 0.71 0.69 0.68 0.60
0.56 0.56 0.54 0.58 0.55 0.43 0.55 0.59 0.55 0.54 0.62 0.71 0.77 0.69 0.74 0.79 0.73 0.76 0.77 0.68 0.71 0.73 0.75 0.77 0.75 0.66 0.75 0.73 0.76 0.72 0.75 0.68 0.76 0.71 0.69 0.72 0.56 0.72 0.64 0.68 0.71 0.64 0.70 0.71 0.65 0.65 0.68 0.59
0.53 0.57 0.54 0.40 0.54 0.52 0.60 0.61 0.52 0.55 0.64 0.72 0.62 0.67 0.72 0.72 0.66 0.77 0.73 0.70 0.68 0.75 0.75 0.73 0.74 0.76 0.76 0.78 0.74 0.68 0.69 0.71 0.68 0.68 0.75 0.79 0.76 0.62 0.65 0.64 0.72 0.63 0.69 0.71 0.76 0.61 0.62 0.67
0.74 0.59 0.44 0.51 0.55 0.54 0.54 0.55 0.47 0.51 0.55 0.57 0.67 0.70 0.65 0.73 0.72 0.69 0.69 0.76 0.72 0.73 0.79 0.79 0.75 0.74 0.77 0.70 0.72 0.68 0.72 0.79 0.71 0.75 0.70 0.66 0.68 0.64 0.61 0.62 0.68 0.70 0.69 0.62 0.65 0.71 0.64 0.66
0.54 0.66 0.60 0.47 0.56 0.48 0.57 0.55 0.57 0.63 0.69 0.67 0.68 0.69 0.72 0.70 0.78 0.70 0.78 0.68 0.73 0.77 0.77 0.73 0.73 0.76 0.68 0.71 0.76 0.65 0.78 0.70 0.70 0.66 0.73 0.68 0.72 0.67 0.71 0.68 0.74 0.70 0.72 0.64 0.65 0.69 0.68 0.68
0.70 0.57 0.58 0.52 0.47 0.60 0.48 0.53 0.48 0.58 0.65 0.65 0.70 0.72 0.69 0.69 0.70 0.74 0.70 0.77 0.71 0.72 0.68 0.73 0.78 0.78 0.77 0.71 0.77 0.74 0.63 0.73 0.68 0.74 0.67 0.73 0.68 0.65 0.64 0.73 0.66 0.65 0.64 0.71 0.66 0.62 0.67 0.69
0.73 0.44 0.43 0.52 0.60 0.60 0.43 0.61 0.56 0.60 0.63 0.63 0.68 0.67 0.75 0.76 0.68 0.72 0.73 0.68 0.75 0.76 0.72 0.80 0.72 0.67 0.70 0.74 0.69 0.72 0.70 0.68 0.73 0.77 0.73 0.75 0.73 0.63 0.74 0.66 0.68 0.64 0.75 0.66 0.69 0.70 0.65 0.65
0.58 0.50 0.48 0.51 0.56 0.55 0.48 0.52 0.51 0.62 0.56 0.63 0.63 0.72 0.71 0.77 0.70 0.78 0.75 0.71 0.71 0.63 0.80 0.77 0.80 0.73 0.71 0.73 0.73 0.66 0.62 0.70 0.66 0.67 0.69 0.62 0.66 0.72 0.65 0.72 0.64 0.71 0.67 0.64 0.69 0.71 0.68 0.72
0.60 0.56 0.49 0.49 0.50 0.49 0.50 0.58 0.56 0.59 0.65 0.68 0.72 0.73 0.72 0.73 0.75 0.77 0.72 0.76 0.62 0.79 0.82 0.77 0.67 0.70 0.78 0.61 0.76 0.75 0.83 0.77 0.65 0.79 0.75 0.78 0.70 0.63 0.66 0.68 0.71 0.76 0.70 0.69 0.74 0.74 0.62 0.62
0.61 0.50 0.47 0.48 0.56 0.48 0.64 0.54 0.49 0.54 0.64 0.66 0.70 0.62 0.74 0.69 0.72 0.74 0.75 0.73 0.70 0.72 0.77 0.76 0.78 0.80 0.76 0.73 0.74 0.76 0.69 0.74 0.63 0.66 0.72 0.72 0.72 0.64 0.68 0.65 0.64 0.73 0.65 0.66 0.71 0.65 0.67 0.62
0.68 0.51 0.53 0.66 0.52 0.46 0.53 0.55 0.55 0.59 0.65 0.72 0.69 0.74 0.74 0.70 0.74 0.70 0.69 0.66 0.72 0.70 0.69 0.74 0.72 0.69 0.63 0.74 0.73 0.78 0.71 0.75 0.70 0.68 0.71 0.72 0.69 0.68 0.71 0.60 0.69 0.66 0.75 0.63 0.65 0.70 0.64 0.68
