0
0.72 0.64 0.72 0.74 0.71 0.77 0.56 0.16
0.80 0.66 0.84 0.78 0.76 0.79 0.68 0.19
0.64 0.56 0.58 0.91 0.74 0.62 0.73 0.13
0.83 0.82 0.74 0.63 0.50 0.76 0.62 0.17
0.77 0.74 0.79 0.72 0.64 0.79 0.64 0.00
0.84 0.90 0.72 0.34 0.57 0.80 0.42 0.15
0.88 0.60 0.76 0.87 0.64 0.80 0.66 0.25
0.64 0.44 0.86 0.51 0.80 0.75 0.54 0.05
0.70 0.81 0.57 0.59 0.74 0.69 0.60 0.24
0.59 0.76 0.71 0.76 0.68 0.72 0.66 0.25
0.80 0.73 0.74 0.56 0.90 0.78 0.63 0.12
0.86 0.86 0.84 0.79 0.78 0.63 0.68 0.16
0.43 0.73 0.52 0.70 0.58 0.92 0.73 0.22
0.54 0.68 0.86 0.39 0.71 0.64 0.72 0.23
0.82 0.63 0.88 0.70 0.68 0.65 0.49 0.09
0.53 0.84 0.51 0.69 0.81 0.68 0.75 0.22
0.56 0.67 0.65 0.64 0.87 0.76 0.53 0.14
0.71 0.68 0.76 0.78 0.74 0.74 0.64 0.18
0.57 0.47 0.93 0.70 0.76 0.73 0.66 0.05
0.69 0.70 0.69 0.61 0.51 0.60 0.65 0.11
