0
0.96 0.93 0.82 0.70 0.67 0.61 0.56 0.50 0.47
0.97 0.94 0.82 0.76 0.71 0.62 0.43 0.45 0.45
0.98 0.92 0.84 0.78 0.59 0.60 0.59 0.42 0.45
0.96 0.90 0.81 0.68 0.61 0.61 0.57 0.51 0.47
0.97 0.90 0.71 0.76 0.67 0.60 0.54 0.44 0.42
0.99 0.94 0.82 0.72 0.63 0.59 0.52 0.51 0.38
0.96 0.94 0.85 0.76 0.68 0.59 0.55 0.34 0.48
0.98 0.94 0.84 0.66 0.67 0.56 0.57 0.47 0.36
0.97 0.93 0.85 0.58 0.67 0.48 0.54 0.47 0.47
0.98 0.93 0.88 0.68 0.69 0.61 0.55 0.52 0.49
0.99 0.94 0.83 0.69 0.67 0.62 0.55 0.36 0.37
0.97 0.93 0.85 0.61 0.69 0.45 0.54 0.53 0.49
0.98 0.93 0.85 0.67 0.67 0.58 0.50 0.52 0.41
0.97 0.93 0.82 0.67 0.63 0.54 0.51 0.49 0.51
0.98 0.94 0.85 0.75 0.62 0.59 0.56 0.42 0.47
0.97 0.93 0.85 0.69 0.61 0.62 0.54 0.52 0.41
0.98 0.93 0.84 0.68 0.68 0.41 0.58 0.43 0.32
0.99 0.94 0.77 0.49 0.60 0.40 0.52 0.49 0.48
0.97 0.95 0.83 0.75 0.69 0.54 0.51 0.48 0.43
0.97 0.93 0.85 0.76 0.68 0.62 0.44 0.53 0.45
0.97 0.92 0.82 0.74 0.68 0.54 0.57 0.50 0.48
0.98 0.93 0.75 0.75 0.54 0.63 0.49 0.46 0.35
0.97 0.93 0.81 0.79 0.70 0.63 0.59 0.51 0.43
0.97 0.91 0.84 0.65 0.66 0.59 0.52 0.46 0.46
0.97 0.91 0.83 0.76 0.70 0.40 0.58 0.50 0.32
0.98 0.94 0.85 0.76 0.68 0.60 0.51 0.17 0.46
0.95 0.94 0.79 0.75 0.68 0.37 0.58 0.52 0.48
0.97 0.94 0.87 0.76 0.61 0.59 0.55 0.46 0.45
0.97 0.94 0.86 0.76 0.66 0.59 0.55 0.49 0.48
0.98 0.94 0.78 0.73 0.60 0.44 0.57 0.49 0.47
0.97 0.94 0.82 0.79 0.62 0.59 0.56 0.50 0.43
0.98 0.92 0.82 0.74 0.69 0.53 0.56 0.49 0.41
0.98 0.94 0.84 0.73 0.64 0.61 0.57 0.53 0.37
0.98 0.94 0.86 0.72 0.69 0.55 0.52 0.51 0.36
0.98 0.89 0.83 0.73 0.58 0.46 0.40 0.43 0.37
0.97 0.65 0.83 0.76 0.68 0.48 0.50 0.21 0.48
0.97 0.92 0.83 0.69 0.58 0.63 0.57 0.47 0.47
0.98 0.91 0.81 0.68 0.69 0.52 0.52 0.47 0.41
0.98 0.94 0.82 0.73 0.72 0.59 0.51 0.50 0.26
0.98 0.95 0.67 0.50 0.64 0.61 0.56 0.47 0.39
0.94 0.95 0.76 0.76 0.68 0.55 0.55 0.47 0.36
0.98 0.91 0.85 0.66 0.61 0.62 0.54 0.50 0.47
0.98 0.89 0.82 0.65 0.67 0.62 0.48 0.53 0.46
0.99 0.95 0.84 0.74 0.63 0.56 0.57 0.45 0.46
0.98 0.95 0.79 0.71 0.67 0.47 0.57 0.51 0.35
0.97 0.93 0.81 0.73 0.58 0.60 0.50 0.32 0.35
0.98 0.93 0.83 0.76 0.71 0.61 0.52 0.50 0.45
0.98 0.93 0.69 0.76 0.71 0.62 0.44 0.46 0.43
0.98 0.89 0.81 0.75 0.66 0.60 0.55 0.41 0.46
0.98 0.92 0.73 0.67 0.62 0.59 0.50 0.47 0.25
