0
0.11 0.13 0.69 0.10 0.71 0.10 0.08 0.19 0.12 0.11
0.15 0.11 0.11 0.12 0.10 0.11 0.11 0.13 0.10 0.09
0.11 0.11 0.11 0.11 0.10 0.16 0.11 0.09 0.14 0.10
0.10 0.16 0.11 0.19 0.10 0.10 0.10 0.11 0.14 0.10
0.22 0.11 0.11 0.11 0.13 0.10 0.10 0.16 0.09 0.11
0.09 0.14 0.69 0.11 0.10 0.13 0.11 0.10 0.10 0.10
0.11 0.09 0.10 0.13 0.11 0.09 0.10 0.10 0.11 0.10
0.10 0.10 0.17 0.11 0.10 0.10 0.10 0.10 0.11 0.11
0.11 0.10 0.72 0.12 0.15 0.22 0.10 0.13 0.09 0.11
0.13 0.11 0.09 0.11 0.10 0.10 0.10 0.10 0.10 0.10
0.11 0.10 0.11 0.11 0.10 0.10 0.10 0.10 0.11 0.11
0.74 0.09 0.13 0.11 0.11 0.11 0.12 0.10 0.10 0.12
0.11 0.10 0.15 0.73 0.10 0.10 0.10 0.18 0.11 0.10
0.75 0.73 0.19 0.11 0.10 0.10 0.11 0.15 0.10 0.12
0.73 0.17 0.19 0.18 0.11 0.09 0.10 0.08 0.10 0.11
0.08 0.74 0.10 0.73 0.70 0.10 0.10 0.10 0.10 0.11
0.11 0.73 0.71 0.11 0.10 0.09 0.13 0.11 0.17 0.10
0.10 0.10 0.75 0.10 0.19 0.11 0.11 0.10 0.10 0.10
0.12 0.11 0.17 0.10 0.10 0.10 0.11 0.10 0.10 0.11
0.15 0.10 0.13 0.11 0.10 0.11 0.11 0.11 0.11 0.12
0.72 0.18 0.12 0.74 0.18 0.10 0.11 0.14 0.10 0.15
0.74 0.10 0.73 0.10 0.11 0.12 0.10 0.11 0.10 0.10
0.10 0.11 0.15 0.19 0.10 0.10 0.10 0.10 0.09 0.10
0.74 0.20 0.09 0.11 0.11 0.10 0.11 0.10 0.10 0.09
0.73 0.10 0.10 0.11 0.10 0.10 0.10 0.11 0.10 0.13
0.10 0.20 0.10 0.10 0.11 0.10 0.10 0.10 0.11 0.12
0.10 0.11 0.13 0.11 0.12 0.11 0.11 0.10 0.11 0.18
0.72 0.75 0.10 0.09 0.10 0.10 0.10 0.10 0.11 0.12
0.73 0.10 0.09 0.10 0.14 0.10 0.10 0.08 0.10 0.10
0.17 0.10 0.11 0.11 0.17 0.13 0.09 0.10 0.09 0.11
0.10 0.12 0.10 0.12 0.11 0.12 0.18 0.10 0.10 0.13
0.73 0.18 0.10 0.09 0.11 0.10 0.10 0.10 0.10 0.10
0.10 0.10 0.10 0.72 0.10 0.10 0.11 0.09 0.10 0.14
0.10 0.11 0.11 0.10 0.10 0.13 0.13 0.11 0.10 0.10
0.10 0.12 0.10 0.12 0.20 0.10 0.10 0.19 0.10 0.13
0.11 0.11 0.11 0.10 0.10 0.11 0.10 0.14 0.10 0.11
0.14 0.11 0.09 0.11 0.10 0.11 0.11 0.09 0.10 0.09
0.10 0.10 0.11 0.13 0.11 0.10 0.20 0.11 0.10 0.17
0.14 0.72 0.11 0.13 0.11 0.18 0.11 0.10 0.10 0.10
0.10 0.11 0.14 0.10 0.10 0.10 0.10 0.11 0.09 0.15
0.73 0.12 0.11 0.12 0.11 0.14 0.11 0.11 0.12 0.11
0.10 0.10 0.15 0.12 0.17 0.10 0.11 0.10 0.10 0.10
0.73 0.10 0.11 0.17 0.11 0.10 0.10 0.10 0.12 0.10
0.09 0.08 0.11 0.15 0.12 0.20 0.14 0.11 0.11 0.11
0.11 0.10 0.10 0.10 0.11 0.11 0.10 0.13 0.13 0.20
0.10 0.13 0.10 0.10 0.11 0.11 0.09 0.10 0.11 0.10
0.11 0.10 0.15 0.14 0.11 0.10 0.11 0.11 0.10 0.13
0.10 0.14 0.72 0.72 0.10 0.11 0.16 0.11 0.10 0.11
0.14 0.18 0.11 0.11 0.10 0.10 0.18 0.10 0.11 0.15
0.09 0.11 0.10 0.16 0.17 0.11 0.11 0.10 0.11 0.14
