0
0.30 0.34 0.29 0.24 0.39 0.34 0.36 0.33 0.44 0.50 0.51 0.44 0.64 0.60 0.65 0.48 0.64 0.66 0.63 0.64 0.60 0.67 0.69 0.72 0.69 0.61 0.60 0.70 0.67 0.68 0.64 0.66 0.62 0.68 0.63 0.63 0.63 0.61 0.64 0.63 0.57 0.60 0.63 0.61 0.64 0.60 0.64 0.65
0.34 0.24 0.23 0.42 0.30 0.45 0.36 0.33 0.41 0.39 0.47 0.54 0.48 0.59 0.68 0.64 0.56 0.60 0.64 0.66 0.61 0.68 0.65 0.67 0.72 0.65 0.71 0.68 0.65 0.64 0.68 0.69 0.67 0.63 0.72 0.61 0.60 0.56 0.64 0.69 0.65 0.57 0.54 0.61 0.68 0.61 0.51 0.61
0.27 0.28 0.27 0.24 0.34 0.37 0.29 0.29 0.47 0.41 0.43 0.50 0.55 0.54 0.65 0.50 0.60 0.68 0.67 0.65 0.54 0.70 0.60 0.66 0.63 0.65 0.65 0.60 0.70 0.69 0.64 0.68 0.70 0.63 0.64 0.60 0.68 0.59 0.60 0.60 0.60 0.67 0.66 0.59 0.68 0.61 0.62 0.62
0.44 0.22 0.24 0.28 0.37 0.36 0.38 0.32 0.37 0.43 0.52 0.53 0.56 0.57 0.64 0.65 0.58 0.67 0.64 0.60 0.54 0.64 0.65 0.66 0.68 0.62 0.66 0.66 0.62 0.67 0.55 0.62 0.64 0.71 0.61 0.64 0.64 0.55 0.67 0.65 0.66 0.61 0.57 0.55 0.58 0.59 0.58 0.58
0.31 0.27 0.25 0.36 0.37 0.33 0.28 0.42 0.41 0.36 0.53 0.53 0.59 0.50 0.65 0.65 0.62 0.68 0.64 0.63 0.52 0.64 0.67 0.66 0.70 0.64 0.59 0.71 0.60 0.68 0.65 0.75 0.65 0.65 0.65 0.63 0.64 0.57 0.64 0.61 0.67 0.56 0.64 0.57 0.62 0.57 0.60 0.60
0.44 0.39 0.24 0.37 0.34 0.33 0.35 0.43 0.24 0.44 0.46 0.53 0.52 0.61 0.59 0.58 0.65 0.58 0.63 0.61 0.64 0.58 0.62 0.71 0.68 0.69 0.71 0.70 0.71 0.68 0.70 0.69 0.68 0.65 0.66 0.64 0.68 0.59 0.52 0.60 0.68 0.65 0.57 0.66 0.58 0.63 0.59 0.67
0.38 0.33 0.33 0.30 0.35 0.32 0.45 0.40 0.39 0.47 0.46 0.48 0.49 0.59 0.64 0.68 0.66 0.68 0.64 0.67 0.61 0.70 0.69 0.68 0.62 0.72 0.70 0.69 0.63 0.71 0.64 0.62 0.59 0.64 0.60 0.62 0.59 0.60 0.58 0.57 0.58 0.64 0.64 0.63 0.70 0.64 0.62 0.56
0.44 0.34 0.20 0.36 0.39 0.45 0.40 0.42 0.44 0.51 0.46 0.47 0.51 0.65 0.67 0.64 0.65 0.68 0.65 0.64 0.56 0.62 0.60 0.59 0.68 0.70 0.64 0.70 0.61 0.67 0.65 0.67 0.64 0.67 0.68 0.64 0.63 0.57 0.66 0.66 0.63 0.57 0.60 0.57 0.65 0.57 0.56 0.51
0.27 0.20 0.32 0.26 0.33 0.38 0.42 0.42 0.39 0.34 0.35 0.57 0.65 0.56 0.63 0.60 0.64 0.64 0.65 0.72 0.59 0.62 0.69 0.69 0.63 0.71 0.70 0.66 0.60 0.68 0.64 0.71 0.65 0.69 0.64 0.70 0.68 0.63 0.63 0.67 0.58 0.56 0.57 0.65 0.60 0.52 0.61 0.55
0.38 0.17 0.26 0.24 0.43 0.30 0.37 0.28 0.37 0.43 0.44 0.51 0.55 0.46 0.60 0.59 0.62 0.64 0.68 0.65 0.60 0.74 0.67 0.68 0.68 0.68 0.68 0.71 0.63 0.68 0.72 0.78 0.58 0.67 0.64 0.67 0.60 0.64 0.59 0.65 0.57 0.61 0.64 0.63 0.61 0.63 0.60 0.66
0.46 0.33 0.23 0.51 0.45 0.24 0.35 0.38 0.40 0.32 0.53 0.53 0.57 0.56 0.64 0.59 0.60 0.60 0.72 0.60 0.61 0.71 0.64 0.70 0.64 0.66 0.58 0.68 0.71 0.64 0.70 0.70 0.58 0.66 0.69 0.61 0.68 0.60 0.65 0.63 0.64 0.60 0.68 0.62 0.67 0.63 0.63 0.60
0.38 0.33 0.27 0.37 0.40 0.37 0.26 0.36 0.36 0.40 0.46 0.53 0.62 0.55 0.63 0.62 0.62 0.62 0.67 0.56 0.63 0.64 0.66 0.72 0.60 0.69 0.64 0.59 0.68 0.66 0.62 0.66 0.62 0.62 0.60 0.63 0.65 0.61 0.70 0.61 0.62 0.60 0.66 0.64 0.67 0.56 0.61 0.57
0.41 0.23 0.32 0.30 0.28 0.34 0.29 0.38 0.38 0.46 0.47 0.44 0.58 0.61 0.57 0.59 0.68 0.66 0.64 0.63 0.71 0.63 0.65 0.67 0.66 0.75 0.69 0.70 0.64 0.75 0.67 0.64 0.60 0.63 0.54 0.67 0.64 0.60 0.56 0.59 0.61 0.60 0.65 0.66 0.59 0.58 0.64 0.60
0.20 0.34 0.20 0.25 0.33 0.36 0.33 0.35 0.33 0.32 0.46 0.56 0.58 0.51 0.63 0.60 0.61 0.64 0.60 0.59 0.56 0.68 0.71 0.65 0.67 0.61 0.60 0.68 0.66 0.68 0.62 0.66 0.70 0.64 0.62 0.60 0.69 0.62 0.60 0.61 0.60 0.67 0.60 0.58 0.62 0.62 0.67 0.56
0.43 0.37 0.29 0.32 0.36 0.36 0.41 0.36 0.36 0.35 0.48 0.52 0.59 0.52 0.58 0.63 0.71 0.67 0.74 0.64 0.60 0.66 0.65 0.67 0.70 0.70 0.70 0.71 0.69 0.68 0.65 0.74 0.67 0.66 0.66 0.68 0.60 0.60 0.65 0.56 0.67 0.65 0.62 0.58 0.61 0.64 0.59 0.59
0.38 0.26 0.28 0.24 0.39 0.31 0.37 0.33 0.32 0.41 0.54 0.42 0.54 0.58 0.57 0.67 0.66 0.60 0.63 0.51 0.62 0.60 0.64 0.65 0.74 0.69 0.67 0.66 0.64 0.68 0.63 0.68 0.64 0.64 0.69 0.68 0.60 0.63 0.57 0.61 0.62 0.60 0.60 0.60 0.68 0.57 0.66 0.56
0.38 0.28 0.34 0.28 0.36 0.35 0.26 0.41 0.48 0.42 0.45 0.59 0.59 0.57 0.62 0.64 0.62 0.63 0.56 0.66 0.60 0.72 0.75 0.71 0.63 0.66 0.66 0.68 0.65 0.67 0.66 0.62 0.63 0.66 0.56 0.68 0.63 0.61 0.58 0.61 0.77 0.64 0.54 0.64 0.61 0.55 0.60 0.56
0.40 0.28 0.29 0.38 0.35 0.44 0.39 0.40 0.37 0.39 0.50 0.52 0.66 0.55 0.55 0.71 0.59 0.60 0.69 0.55 0.64 0.67 0.66 0.61 0.68 0.65 0.65 0.71 0.64 0.66 0.64 0.69 0.62 0.67 0.64 0.63 0.69 0.64 0.63 0.66 0.53 0.60 0.64 0.54 0.61 0.64 0.60 0.57
0.44 0.31 0.24 0.37 0.27 0.35 0.31 0.47 0.35 0.41 0.42 0.44 0.59 0.54 0.64 0.63 0.66 0.60 0.67 0.56 0.69 0.68 0.65 0.67 0.62 0.64 0.68 0.66 0.65 0.68 0.63 0.63 0.63 0.64 0.62 0.63 0.55 0.69 0.56 0.60 0.65 0.70 0.57 0.57 0.65 0.64 0.60 0.53
0.41 0.42 0.38 0.40 0.34 0.38 0.33 0.32 0.37 0.44 0.46 0.48 0.53 0.60 0.57 0.63 0.61 0.66 0.64 0.61 0.62 0.67 0.70 0.65 0.62 0.62 0.57 0.65 0.59 0.64 0.62 0.62 0.65 0.68 0.65 0.60 0.63 0.64 0.60 0.60 0.70 0.62 0.56 0.69 0.67 0.58 0.60 0.52
