0
0.56 0.59 0.47 0.39 0.61 0.53 0.56 0.52 0.55 0.64 0.64 0.59 0.79 0.77 0.78 0.62 0.73 0.73 0.70 0.77 0.66 0.76 0.76 0.79 0.75 0.68 0.68 0.75 0.74 0.72 0.69 0.71 0.72 0.73 0.69 0.70 0.70 0.66 0.68 0.70 0.61 0.66 0.72 0.68 0.70 0.66 0.69 0.72
0.55 0.46 0.51 0.57 0.53 0.65 0.63 0.52 0.60 0.60 0.64 0.62 0.66 0.73 0.80 0.76 0.66 0.68 0.69 0.77 0.71 0.77 0.72 0.76 0.76 0.72 0.77 0.77 0.71 0.68 0.74 0.75 0.73 0.68 0.76 0.69 0.67 0.63 0.69 0.75 0.70 0.64 0.60 0.69 0.74 0.71 0.56 0.65
0.47 0.43 0.46 0.45 0.49 0.53 0.44 0.43 0.63 0.58 0.60 0.65 0.70 0.64 0.75 0.68 0.69 0.77 0.74 0.72 0.63 0.78 0.72 0.70 0.70 0.73 0.69 0.69 0.76 0.75 0.72 0.74 0.73 0.68 0.68 0.65 0.76 0.63 0.68 0.67 0.68 0.71 0.72 0.65 0.72 0.64 0.65 0.67
0.71 0.47 0.48 0.44 0.56 0.55 0.51 0.50 0.63 0.62 0.65 0.68 0.68 0.68 0.74 0.73 0.64 0.78 0.74 0.72 0.57 0.77 0.72 0.73 0.74 0.65 0.72 0.72 0.69 0.73 0.62 0.65 0.70 0.75 0.66 0.71 0.68 0.64 0.72 0.69 0.69 0.67 0.65 0.65 0.66 0.67 0.65 0.64
0.51 0.44 0.53 0.58 0.59 0.52 0.49 0.64 0.54 0.58 0.64 0.71 0.70 0.66 0.73 0.79 0.72 0.77 0.71 0.71 0.65 0.74 0.75 0.70 0.76 0.72 0.65 0.76 0.64 0.73 0.74 0.77 0.71 0.72 0.71 0.69 0.66 0.66 0.68 0.70 0.72 0.63 0.72 0.68 0.69 0.66 0.66 0.66
0.69 0.65 0.39 0.56 0.55 0.56 0.53 0.61 0.44 0.66 0.61 0.67 0.63 0.74 0.73 0.71 0.76 0.68 0.68 0.72 0.69 0.63 0.71 0.78 0.72 0.73 0.76 0.75 0.79 0.72 0.74 0.74 0.72 0.69 0.72 0.76 0.76 0.64 0.57 0.66 0.76 0.71 0.61 0.72 0.65 0.66 0.61 0.71
0.64 0.54 0.62 0.52 0.58 0.43 0.61 0.56 0.56 0.63 0.60 0.61 0.63 0.69 0.78 0.79 0.81 0.77 0.74 0.80 0.74 0.77 0.78 0.73 0.68 0.78 0.74 0.76 0.69 0.74 0.68 0.68 0.64 0.68 0.68 0.68 0.65 0.68 0.61 0.60 0.61 0.72 0.73 0.68 0.76 0.71 0.68 0.62
0.72 0.56 0.40 0.55 0.56 0.58 0.59 0.63 0.60 0.63 0.66 0.65 0.62 0.74 0.77 0.78 0.77 0.74 0.74 0.74 0.65 0.71 0.70 0.66 0.75 0.75 0.69 0.75 0.67 0.73 0.73 0.75 0.71 0.70 0.73 0.72 0.67 0.63 0.71 0.72 0.72 0.62 0.68 0.66 0.72 0.61 0.61 0.56
0.43 0.44 0.50 0.43 0.50 0.57 0.68 0.59 0.55 0.44 0.45 0.70 0.76 0.65 0.75 0.72 0.79 0.70 0.75 0.81 0.66 0.70 0.76 0.76 0.69 0.75 0.75 0.72 0.70 0.75 0.71 0.80 0.72 0.72 0.72 0.76 0.76 0.67 0.69 0.71 0.64 0.60 0.63 0.70 0.67 0.56 0.67 0.59
0.70 0.39 0.50 0.43 0.60 0.51 0.60 0.44 0.51 0.58 0.60 0.64 0.68 0.59 0.67 0.68 0.69 0.71 0.75 0.74 0.67 0.79 0.76 0.75 0.74 0.74 0.74 0.76 0.72 0.73 0.78 0.84 0.65 0.72 0.71 0.73 0.67 0.69 0.63 0.69 0.64 0.64 0.71 0.65 0.65 0.69 0.66 0.72
0.70 0.58 0.48 0.67 0.61 0.37 0.56 0.55 0.58 0.49 0.68 0.64 0.70 0.70 0.73 0.70 0.70 0.72 0.81 0.68 0.71 0.80 0.73 0.79 0.69 0.68 0.64 0.75 0.79 0.70 0.77 0.76 0.64 0.73 0.75 0.70 0.75 0.63 0.70 0.69 0.69 0.64 0.72 0.68 0.72 0.67 0.67 0.64
0.57 0.53 0.45 0.57 0.59 0.52 0.46 0.47 0.56 0.59 0.60 0.68 0.76 0.70 0.72 0.76 0.73 0.68 0.77 0.64 0.69 0.73 0.75 0.76 0.65 0.74 0.71 0.65 0.73 0.71 0.66 0.71 0.68 0.66 0.66 0.69 0.71 0.67 0.75 0.65 0.67 0.69 0.72 0.70 0.71 0.64 0.65 0.61
0.70 0.47 0.55 0.50 0.42 0.53 0.56 0.53 0.52 0.69 0.62 0.64 0.72 0.72 0.67 0.69 0.78 0.77 0.75 0.74 0.79 0.73 0.74 0.76 0.68 0.80 0.75 0.77 0.70 0.79 0.75 0.69 0.64 0.68 0.58 0.74 0.71 0.66 0.64 0.63 0.69 0.66 0.73 0.71 0.65 0.62 0.68 0.64
0.34 0.53 0.37 0.44 0.56 0.52 0.44 0.52 0.51 0.48 0.60 0.66 0.70 0.64 0.73 0.70 0.68 0.74 0.71 0.68 0.64 0.76 0.76 0.74 0.72 0.65 0.66 0.74 0.70 0.76 0.71 0.69 0.74 0.69 0.68 0.66 0.76 0.68 0.66 0.66 0.64 0.72 0.68 0.64 0.66 0.68 0.73 0.63
0.72 0.59 0.53 0.54 0.55 0.49 0.61 0.54 0.56 0.58 0.65 0.68 0.70 0.63 0.69 0.76 0.83 0.76 0.80 0.76 0.69 0.76 0.75 0.73 0.77 0.77 0.76 0.78 0.77 0.74 0.70 0.78 0.73 0.70 0.72 0.73 0.67 0.65 0.71 0.60 0.76 0.71 0.70 0.62 0.68 0.69 0.65 0.64
0.64 0.44 0.48 0.42 0.56 0.54 0.56 0.48 0.47 0.58 0.67 0.56 0.68 0.71 0.68 0.78 0.72 0.67 0.69 0.63 0.70 0.72 0.72 0.71 0.79 0.77 0.71 0.72 0.68 0.73 0.68 0.75 0.69 0.68 0.76 0.74 0.66 0.68 0.63 0.67 0.68 0.68 0.64 0.71 0.72 0.63 0.73 0.60
0.60 0.50 0.60 0.46 0.54 0.56 0.44 0.56 0.61 0.60 0.56 0.72 0.69 0.69 0.72 0.76 0.74 0.74 0.68 0.77 0.71 0.79 0.80 0.78 0.68 0.73 0.70 0.74 0.69 0.71 0.72 0.65 0.66 0.69 0.63 0.74 0.72 0.68 0.64 0.67 0.81 0.69 0.62 0.71 0.71 0.59 0.64 0.60
0.68 0.44 0.48 0.55 0.59 0.61 0.60 0.58 0.52 0.50 0.62 0.67 0.76 0.69 0.64 0.78 0.69 0.73 0.80 0.62 0.72 0.76 0.72 0.67 0.74 0.71 0.70 0.76 0.72 0.72 0.70 0.75 0.65 0.72 0.72 0.69 0.75 0.72 0.69 0.73 0.59 0.67 0.70 0.60 0.65 0.70 0.64 0.64
0.79 0.48 0.45 0.53 0.44 0.52 0.53 0.64 0.50 0.59 0.55 0.58 0.75 0.68 0.74 0.75 0.75 0.68 0.77 0.66 0.79 0.75 0.72 0.76 0.69 0.70 0.73 0.71 0.72 0.72 0.69 0.70 0.68 0.71 0.70 0.70 0.61 0.77 0.62 0.68 0.70 0.73 0.61 0.67 0.71 0.71 0.67 0.60
0.68 0.69 0.65 0.58 0.51 0.60 0.49 0.51 0.57 0.59 0.59 0.66 0.68 0.71 0.68 0.72 0.71 0.75 0.72 0.72 0.72 0.80 0.77 0.76 0.72 0.66 0.64 0.70 0.63 0.68 0.67 0.68 0.72 0.72 0.72 0.66 0.68 0.69 0.65 0.66 0.75 0.65 0.62 0.76 0.72 0.63 0.68 0.57
