0
0.98 0.95 0.88 0.78 0.74 0.63 0.59 0.55 0.50
0.99 0.95 0.86 0.82 0.74 0.69 0.60 0.57 0.51
0.99 0.95 0.89 0.80 0.73 0.65 0.58 0.55 0.51
1.00 0.95 0.87 0.81 0.73 0.67 0.63 0.54 0.52
0.99 0.95 0.89 0.82 0.72 0.65 0.61 0.59 0.50
0.99 0.96 0.88 0.83 0.74 0.66 0.63 0.55 0.52
0.99 0.96 0.87 0.79 0.74 0.66 0.61 0.57 0.53
0.99 0.95 0.88 0.79 0.73 0.61 0.61 0.56 0.53
0.99 0.96 0.87 0.81 0.75 0.64 0.63 0.55 0.50
0.99 0.95 0.87 0.83 0.72 0.64 0.61 0.55 0.51
0.99 0.96 0.87 0.82 0.74 0.66 0.61 0.57 0.48
0.99 0.95 0.87 0.81 0.72 0.64 0.58 0.54 0.51
0.99 0.96 0.87 0.82 0.73 0.67 0.60 0.56 0.52
0.99 0.95 0.87 0.81 0.72 0.64 0.63 0.57 0.49
0.99 0.97 0.88 0.81 0.74 0.67 0.59 0.56 0.51
0.99 0.95 0.87 0.80 0.75 0.68 0.61 0.53 0.52
0.99 0.95 0.88 0.81 0.72 0.63 0.59 0.55 0.51
0.99 0.95 0.88 0.81 0.72 0.65 0.62 0.55 0.51
0.99 0.96 0.88 0.80 0.72 0.65 0.62 0.58 0.50
0.99 0.96 0.85 0.82 0.73 0.64 0.62 0.55 0.50
0.99 0.96 0.88 0.73 0.71 0.64 0.62 0.57 0.52
0.99 0.96 0.88 0.82 0.72 0.65 0.62 0.57 0.53
0.99 0.95 0.88 0.82 0.73 0.64 0.60 0.54 0.50
0.99 0.96 0.88 0.81 0.71 0.64 0.58 0.56 0.51
0.99 0.96 0.88 0.79 0.72 0.65 0.64 0.53 0.52
0.98 0.96 0.88 0.81 0.74 0.65 0.61 0.56 0.52
0.99 0.96 0.87 0.82 0.70 0.64 0.62 0.53 0.53
0.99 0.95 0.89 0.80 0.76 0.62 0.59 0.57 0.50
0.99 0.96 0.87 0.81 0.73 0.63 0.63 0.55 0.50
0.99 0.97 0.88 0.82 0.76 0.64 0.61 0.57 0.52
0.99 0.96 0.82 0.80 0.75 0.65 0.58 0.54 0.51
0.99 0.96 0.88 0.81 0.72 0.62 0.60 0.56 0.50
0.99 0.96 0.88 0.81 0.73 0.66 0.61 0.57 0.50
0.99 0.95 0.90 0.81 0.75 0.64 0.61 0.54 0.50
0.99 0.95 0.88 0.79 0.73 0.67 0.62 0.57 0.49
0.99 0.96 0.89 0.82 0.74 0.64 0.62 0.52 0.52
0.99 0.95 0.87 0.82 0.75 0.63 0.59 0.55 0.52
0.99 0.96 0.88 0.82 0.74 0.64 0.62 0.55 0.50
0.99 0.97 0.87 0.82 0.74 0.63 0.61 0.55 0.50
0.98 0.96 0.87 0.81 0.72 0.66 0.60 0.53 0.52
0.99 0.96 0.88 0.82 0.70 0.62 0.60 0.54 0.51
0.99 0.96 0.86 0.82 0.72 0.67 0.60 0.55 0.50
0.99 0.95 0.87 0.82 0.73 0.68 0.61 0.57 0.53
0.99 0.95 0.87 0.79 0.73 0.65 0.62 0.56 0.52
0.99 0.96 0.87 0.81 0.73 0.65 0.62 0.56 0.51
0.99 0.95 0.88 0.77 0.72 0.63 0.58 0.55 0.53
0.99 0.97 0.88 0.82 0.74 0.65 0.61 0.57 0.50
0.99 0.96 0.88 0.80 0.73 0.64 0.61 0.54 0.50
0.98 0.96 0.87 0.82 0.72 0.65 0.61 0.54 0.52
0.99 0.96 0.78 0.83 0.74 0.63 0.60 0.57 0.50
