0
0.69 0.42 0.25 0.19 0.13 0.18 0.14 0.15 0.16
0.69 0.39 0.26 0.17 0.16 0.17 0.11 0.18 0.13
0.75 0.40 0.27 0.19 0.22 0.17 0.14 0.14 0.18
0.71 0.35 0.22 0.20 0.20 0.16 0.14 0.14 0.11
0.70 0.42 0.28 0.18 0.20 0.16 0.16 0.15 0.16
0.73 0.40 0.29 0.18 0.15 0.18 0.16 0.11 0.13
0.68 0.39 0.23 0.22 0.20 0.16 0.16 0.14 0.16
0.70 0.41 0.24 0.20 0.16 0.15 0.13 0.16 0.10
0.74 0.38 0.28 0.16 0.17 0.18 0.14 0.14 0.13
0.76 0.40 0.23 0.19 0.18 0.16 0.15 0.15 0.18
0.65 0.51 0.30 0.17 0.18 0.18 0.13 0.13 0.18
0.76 0.45 0.24 0.21 0.22 0.16 0.12 0.15 0.15
0.72 0.39 0.26 0.12 0.17 0.13 0.15 0.12 0.17
0.71 0.43 0.25 0.19 0.17 0.16 0.16 0.12 0.14
0.70 0.34 0.29 0.19 0.20 0.19 0.13 0.15 0.20
0.69 0.38 0.25 0.17 0.22 0.15 0.16 0.13 0.16
0.72 0.42 0.23 0.15 0.14 0.20 0.16 0.14 0.19
0.74 0.42 0.22 0.15 0.15 0.15 0.13 0.16 0.14
0.69 0.40 0.26 0.21 0.16 0.15 0.12 0.16 0.16
0.70 0.35 0.23 0.20 0.19 0.15 0.15 0.13 0.14
0.67 0.40 0.26 0.18 0.18 0.18 0.16 0.18 0.14
0.72 0.40 0.24 0.17 0.20 0.15 0.10 0.16 0.13
0.72 0.40 0.26 0.21 0.18 0.19 0.12 0.14 0.16
0.69 0.36 0.24 0.20 0.16 0.20 0.18 0.16 0.16
0.70 0.42 0.22 0.18 0.18 0.13 0.16 0.16 0.14
0.72 0.41 0.22 0.14 0.15 0.16 0.12 0.12 0.17
0.70 0.40 0.21 0.16 0.19 0.17 0.11 0.11 0.12
0.76 0.42 0.26 0.17 0.19 0.17 0.14 0.12 0.16
0.71 0.41 0.25 0.20 0.21 0.16 0.13 0.13 0.19
0.73 0.36 0.30 0.16 0.17 0.19 0.17 0.16 0.18
0.67 0.43 0.28 0.15 0.20 0.11 0.16 0.16 0.16
0.73 0.42 0.24 0.20 0.18 0.17 0.14 0.12 0.18
0.69 0.36 0.26 0.18 0.20 0.19 0.18 0.13 0.16
0.70 0.39 0.27 0.21 0.19 0.14 0.12 0.16 0.12
0.66 0.40 0.20 0.17 0.17 0.15 0.16 0.15 0.16
0.76 0.40 0.22 0.12 0.18 0.09 0.13 0.17 0.18
0.68 0.38 0.24 0.20 0.18 0.19 0.15 0.14 0.15
0.72 0.43 0.29 0.18 0.21 0.18 0.13 0.16 0.12
0.72 0.40 0.26 0.18 0.19 0.12 0.15 0.14 0.13
0.68 0.41 0.23 0.22 0.19 0.14 0.12 0.12 0.16
0.72 0.38 0.27 0.20 0.17 0.15 0.16 0.14 0.14
0.73 0.34 0.27 0.21 0.13 0.15 0.12 0.12 0.16
0.74 0.38 0.25 0.22 0.18 0.16 0.16 0.15 0.15
0.66 0.43 0.26 0.21 0.21 0.16 0.13 0.18 0.11
0.73 0.40 0.27 0.21 0.21 0.16 0.12 0.12 0.16
0.76 0.36 0.29 0.14 0.16 0.18 0.13 0.16 0.18
0.68 0.34 0.24 0.22 0.18 0.16 0.10 0.14 0.16
0.68 0.40 0.26 0.17 0.15 0.19 0.13 0.14 0.18
0.78 0.36 0.28 0.19 0.18 0.14 0.13 0.12 0.16
0.71 0.40 0.22 0.20 0.21 0.17 0.21 0.14 0.18
