0
0.64 0.83 0.62 0.77 0.45 0.76 0.23 0.03
0.47 0.72 0.71 0.88 0.67 0.56 0.56 0.08
0.71 0.57 0.45 0.72 0.73 0.76 0.23 0.04
0.87 0.54 0.33 0.52 0.65 0.73 0.20 0.00
0.53 0.80 0.55 0.60 0.78 0.77 0.15 0.04
0.85 0.68 0.58 0.59 0.69 0.80 0.29 0.07
0.30 0.72 0.80 0.62 0.56 0.58 0.42 0.03
0.45 0.74 0.45 0.71 0.67 0.78 0.57 0.05
0.52 0.70 0.46 0.69 0.65 0.48 0.23 0.04
0.68 0.46 0.76 0.74 0.79 0.71 0.40 0.04
0.41 0.69 0.37 0.65 0.78 0.64 0.39 0.07
0.58 0.41 0.74 0.77 0.74 0.72 0.62 0.05
0.72 0.40 0.77 0.54 0.83 0.64 0.51 0.08
0.32 0.62 0.53 0.65 0.62 0.44 0.64 0.03
0.63 0.64 0.37 0.61 0.46 0.74 0.13 0.01
0.71 0.41 0.84 0.80 0.83 0.77 0.47 0.00
0.42 0.48 0.74 0.80 0.29 0.89 0.41 0.06
0.81 0.36 0.70 0.58 0.66 0.61 0.34 0.00
0.73 0.57 0.64 0.60 0.74 0.65 0.62 0.07
0.50 0.52 0.74 0.76 0.69 0.45 0.38 0.03
