0
0.40 0.42 0.50 0.58 0.65 0.58 0.73 0.71 0.74 0.78 0.82 0.83 0.78 0.82 0.85 0.86 0.88 0.82 0.88
0.38 0.34 0.54 0.60 0.64 0.64 0.75 0.75 0.76 0.81 0.77 0.78 0.82 0.90 0.88 0.88 0.91 0.94 0.92
0.36 0.40 0.51 0.58 0.67 0.72 0.65 0.73 0.69 0.82 0.78 0.73 0.86 0.82 0.86 0.82 0.90 0.90 0.90
0.38 0.41 0.55 0.64 0.63 0.71 0.74 0.78 0.78 0.79 0.82 0.79 0.85 0.86 0.87 0.90 0.90 0.90 0.89
0.26 0.42 0.46 0.67 0.68 0.72 0.74 0.80 0.79 0.74 0.83 0.79 0.81 0.86 0.89 0.83 0.92 0.87 0.93
0.37 0.42 0.45 0.58 0.65 0.70 0.70 0.72 0.83 0.79 0.83 0.80 0.84 0.85 0.92 0.88 0.90 0.90 0.95
0.38 0.42 0.53 0.55 0.68 0.66 0.73 0.77 0.76 0.82 0.78 0.76 0.84 0.88 0.83 0.89 0.88 0.88 0.92
0.40 0.39 0.51 0.63 0.65 0.64 0.71 0.72 0.74 0.83 0.85 0.82 0.86 0.86 0.90 0.86 0.90 0.90 0.92
0.39 0.42 0.50 0.56 0.66 0.69 0.73 0.64 0.75 0.78 0.78 0.84 0.80 0.86 0.88 0.88 0.89 0.90 0.93
