0
0.59 0.56 0.60 0.64 0.61 0.64 0.64 0.75 0.75 0.83 0.67 0.79 0.73 0.68 0.87 0.84 0.79 0.64 0.87 0.88 0.92 0.72 0.60 0.66 0.71 0.37 0.64 0.52 0.65 0.60 0.54 0.68 0.73 0.60 0.40 0.31 0.28 0.51 0.34 0.42
0.49 0.50 0.62 0.52 0.53 0.72 0.75 0.64 0.85 0.88 0.81 0.73 0.83 0.88 0.66 0.90 0.84 0.80 0.80 0.82 0.92 0.61 0.86 0.64 0.56 0.54 0.79 0.46 0.54 0.51 0.68 0.50 0.42 0.53 0.52 0.52 0.50 0.47 0.32 0.61
0.60 0.52 0.48 0.69 0.72 0.68 0.72 0.82 0.73 0.71 0.75 0.81 0.83 0.80 0.77 0.68 0.80 0.82 0.92 0.82 0.93 0.72 0.66 0.58 0.74 0.64 0.64 0.46 0.60 0.73 0.62 0.71 0.65 0.44 0.38 0.54 0.48 0.39 0.56 0.18
0.53 0.54 0.60 0.60 0.58 0.69 0.63 0.78 0.69 0.74 0.80 0.78 0.85 0.87 0.84 0.83 0.84 0.61 0.90 0.78 0.82 0.79 0.80 0.71 0.80 0.76 0.58 0.64 0.72 0.63 0.43 0.50 0.75 0.61 0.40 0.60 0.47 0.45 0.65 0.31
0.55 0.58 0.59 0.66 0.67 0.58 0.67 0.79 0.74 0.72 0.72 0.69 0.83 0.86 0.84 0.80 0.87 0.80 0.74 0.86 0.83 0.75 0.71 0.75 0.76 0.72 0.51 0.37 0.62 0.67 0.47 0.65 0.56 0.44 0.48 0.50 0.32 0.40 0.52 0.49
0.58 0.48 0.56 0.51 0.57 0.77 0.76 0.74 0.84 0.86 0.76 0.68 0.83 0.88 0.81 0.80 0.90 0.71 0.84 0.75 0.82 0.85 0.81 0.73 0.65 0.52 0.68 0.28 0.66 0.68 0.55 0.45 0.72 0.62 0.63 0.59 0.43 0.50 0.39 0.37
0.47 0.57 0.50 0.65 0.73 0.69 0.77 0.67 0.62 0.77 0.83 0.76 0.84 0.90 0.88 0.86 0.85 0.73 0.87 0.87 0.87 0.83 0.76 0.56 0.64 0.43 0.66 0.52 0.31 0.65 0.43 0.55 0.76 0.49 0.54 0.40 0.56 0.43 0.55 0.40
0.45 0.50 0.54 0.66 0.74 0.71 0.71 0.72 0.70 0.72 0.73 0.65 0.76 0.83 0.82 0.82 0.88 0.80 0.89 0.86 0.82 0.82 0.74 0.66 0.34 0.79 0.59 0.60 0.50 0.61 0.46 0.68 0.55 0.48 0.46 0.71 0.62 0.51 0.36 0.51
0.49 0.57 0.57 0.70 0.68 0.75 0.76 0.78 0.69 0.66 0.78 0.66 0.88 0.82 0.72 0.85 0.93 0.78 0.85 0.93 0.86 0.71 0.67 0.71 0.64 0.60 0.61 0.54 0.44 0.67 0.46 0.54 0.52 0.52 0.47 0.36 0.57 0.55 0.33 0.47
0.53 0.51 0.54 0.56 0.76 0.71 0.70 0.71 0.61 0.80 0.68 0.88 0.80 0.87 0.74 0.84 0.74 0.75 0.81 0.85 0.75 0.56 0.68 0.56 0.65 0.69 0.69 0.58 0.62 0.66 0.44 0.65 0.61 0.76 0.20 0.55 0.55 0.39 0.24 0.39
0.47 0.55 0.67 0.63 0.65 0.76 0.69 0.75 0.78 0.75 0.81 0.80 0.76 0.91 0.82 0.68 0.78 0.90 0.84 0.87 0.91 0.61 0.72 0.72 0.41 0.66 0.72 0.59 0.71 0.56 0.50 0.54 0.60 0.58 0.68 0.59 0.40 0.44 0.36 0.50
0.54 0.48 0.50 0.68 0.72 0.68 0.64 0.71 0.76 0.69 0.79 0.76 0.84 0.68 0.80 0.77 0.83 0.80 0.77 0.90 0.78 0.67 0.80 0.69 0.68 0.58 0.50 0.72 0.58 0.69 0.53 0.55 0.36 0.47 0.68 0.30 0.33 0.20 0.61 0.41
0.57 0.53 0.62 0.65 0.68 0.43 0.71 0.70 0.78 0.66 0.71 0.64 0.77 0.83 0.84 0.81 0.85 0.90 0.82 0.79 0.86 0.67 0.82 0.69 0.59 0.61 0.57 0.52 0.69 0.65 0.41 0.57 0.60 0.41 0.67 0.45 0.23 0.48 0.49 0.37
0.56 0.47 0.61 0.64 0.61 0.68 0.75 0.73 0.74 0.84 0.87 0.68 0.62 0.88 0.75 0.84 0.82 0.76 0.87 0.83 0.86 0.81 0.65 0.62 0.74 0.70 0.66 0.52 0.56 0.69 0.57 0.61 0.57 0.48 0.72 0.52 0.39 0.31 0.57 0.26
0.54 0.49 0.60 0.71 0.64 0.63 0.84 0.59 0.84 0.78 0.74 0.84 0.86 0.81 0.84 0.76 0.85 0.77 0.72 0.90 0.70 0.68 0.79 0.72 0.70 0.76 0.54 0.75 0.68 0.81 0.59 0.61 0.71 0.40 0.30 0.70 0.64 0.42 0.40 0.49
0.60 0.49 0.47 0.58 0.54 0.72 0.73 0.75 0.69 0.72 0.80 0.68 0.82 0.92 0.87 0.74 0.88 0.81 0.79 0.72 0.69 0.74 0.68 0.81 0.74 0.76 0.61 0.70 0.65 0.62 0.59 0.72 0.60 0.44 0.38 0.36 0.38 0.49 0.31 0.45
0.52 0.60 0.59 0.56 0.64 0.71 0.71 0.76 0.75 0.73 0.87 0.84 0.72 0.83 0.81 0.85 0.75 0.75 0.92 0.90 0.88 0.77 0.72 0.71 0.64 0.71 0.70 0.53 0.67 0.54 0.57 0.69 0.65 0.55 0.52 0.44 0.35 0.14 0.42 0.38
0.52 0.52 0.63 0.68 0.66 0.57 0.73 0.65 0.76 0.72 0.76 0.75 0.84 0.75 0.72 0.81 0.90 0.82 0.88 0.80 0.89 0.81 0.65 0.67 0.83 0.61 0.68 0.64 0.46 0.58 0.52 0.57 0.56 0.66 0.46 0.39 0.43 0.17 0.32 0.31
0.53 0.56 0.55 0.60 0.67 0.57 0.76 0.79 0.66 0.53 0.72 0.79 0.76 0.81 0.88 0.81 0.87 0.76 0.83 0.81 0.80 0.82 0.75 0.70 0.68 0.64 0.65 0.69 0.44 0.70 0.76 0.75 0.36 0.57 0.52 0.55 0.51 0.36 0.39 0.48
0.62 0.55 0.62 0.66 0.74 0.74 0.75 0.76 0.74 0.75 0.76 0.84 0.80 0.83 0.91 0.78 0.88 0.77 0.80 0.83 0.79 0.73 0.72 0.76 0.51 0.64 0.70 0.72 0.48 0.59 0.49 0.41 0.48 0.61 0.32 0.35 0.28 0.48 0.45 0.30
0.50 0.49 0.55 0.59 0.64 0.65 0.64 0.67 0.68 0.73 0.85 0.77 0.74 0.82 0.77 0.85 0.85 0.82 0.87 0.79 0.80 0.54 0.55 0.68 0.51 0.36 0.66 0.70 0.63 0.53 0.65 0.65 0.21 0.64 0.65 0.33 0.45 0.56 0.29 0.30
0.60 0.53 0.52 0.61 0.70 0.75 0.77 0.78 0.84 0.77 0.80 0.77 0.82 0.86 0.83 0.76 0.84 0.83 0.87 0.88 0.89 0.80 0.79 0.61 0.57 0.59 0.40 0.49 0.59 0.60 0.61 0.53 0.48 0.59 0.70 0.33 0.20 0.51 0.51 0.32
0.56 0.59 0.56 0.65 0.64 0.69 0.60 0.80 0.79 0.84 0.72 0.78 0.79 0.89 0.77 0.80 0.80 0.54 0.74 0.88 0.86 0.77 0.58 0.72 0.76 0.70 0.58 0.66 0.56 0.68 0.39 0.56 0.55 0.58 0.32 0.47 0.49 0.64 0.50 0.14
0.57 0.49 0.50 0.61 0.62 0.75 0.70 0.77 0.82 0.71 0.73 0.84 0.88 0.71 0.85 0.76 0.76 0.79 0.80 0.85 0.82 0.80 0.73 0.71 0.65 0.42 0.76 0.59 0.52 0.63 0.56 0.69 0.60 0.43 0.62 0.37 0.53 0.52 0.18 0.22
0.52 0.52 0.65 0.67 0.66 0.64 0.79 0.73 0.78 0.77 0.60 0.63 0.77 0.88 0.87 0.86 0.73 0.78 0.88 0.89 0.83 0.68 0.68 0.44 0.79 0.72 0.32 0.44 0.59 0.68 0.54 0.43 0.58 0.60 0.47 0.39 0.38 0.29 0.20 0.18
0.46 0.55 0.59 0.67 0.72 0.71 0.68 0.67 0.72 0.79 0.80 0.76 0.81 0.78 0.88 0.68 0.84 0.85 0.80 0.88 0.88 0.65 0.82 0.57 0.74 0.72 0.67 0.53 0.40 0.50 0.52 0.54 0.43 0.48 0.33 0.57 0.32 0.43 0.50 0.56
0.56 0.55 0.61 0.66 0.65 0.65 0.72 0.81 0.76 0.83 0.85 0.86 0.77 0.64 0.80 0.87 0.83 0.87 0.88 0.85 0.91 0.82 0.64 0.70 0.47 0.72 0.74 0.64 0.68 0.69 0.36 0.48 0.43 0.47 0.52 0.51 0.31 0.27 0.18 0.52
0.50 0.57 0.50 0.67 0.64 0.72 0.65 0.70 0.84 0.84 0.83 0.78 0.68 0.84 0.81 0.88 0.76 0.67 0.81 0.84 0.69 0.81 0.75 0.78 0.70 0.56 0.57 0.54 0.76 0.65 0.55 0.45 0.63 0.64 0.55 0.71 0.37 0.41 0.42 0.59
0.54 0.46 0.54 0.68 0.62 0.77 0.72 0.81 0.71 0.66 0.80 0.65 0.84 0.84 0.89 0.91 0.61 0.80 0.84 0.76 0.86 0.76 0.79 0.72 0.60 0.60 0.74 0.56 0.62 0.69 0.48 0.60 0.52 0.58 0.59 0.53 0.42 0.54 0.39 0.48
0.53 0.52 0.51 0.67 0.68 0.62 0.73 0.69 0.64 0.81 0.82 0.84 0.90 0.78 0.84 0.84 0.86 0.85 0.84 0.85 0.80 0.83 0.70 0.77 0.67 0.86 0.63 0.62 0.46 0.53 0.61 0.64 0.50 0.53 0.23 0.42 0.31 0.31 0.60 0.43
0.52 0.62 0.59 0.64 0.68 0.64 0.77 0.72 0.73 0.81 0.83 0.78 0.78 0.85 0.77 0.88 0.83 0.61 0.88 0.92 0.86 0.64 0.75 0.40 0.76 0.57 0.60 0.31 0.67 0.60 0.48 0.57 0.56 0.54 0.43 0.63 0.51 0.43 0.49 0.36
0.50 0.50 0.60 0.72 0.72 0.66 0.76 0.77 0.81 0.75 0.74 0.79 0.76 0.84 0.88 0.84 0.80 0.83 0.89 0.87 0.87 0.83 0.80 0.76 0.56 0.62 0.85 0.51 0.46 0.51 0.52 0.46 0.51 0.61 0.54 0.49 0.48 0.29 0.36 0.53
0.47 0.48 0.53 0.64 0.67 0.75 0.74 0.84 0.81 0.78 0.80 0.73 0.74 0.89 0.74 0.86 0.80 0.75 0.84 0.86 0.80 0.80 0.64 0.72 0.75 0.73 0.46 0.54 0.63 0.75 0.71 0.39 0.49 0.66 0.50 0.64 0.51 0.40 0.67 0.47
0.54 0.57 0.59 0.74 0.57 0.75 0.74 0.76 0.73 0.68 0.82 0.86 0.81 0.74 0.90 0.76 0.81 0.83 0.74 0.86 0.82 0.65 0.80 0.69 0.64 0.67 0.72 0.52 0.71 0.76 0.40 0.71 0.44 0.55 0.52 0.66 0.59 0.50 0.26 0.60
0.59 0.55 0.62 0.58 0.64 0.82 0.72 0.75 0.79 0.75 0.79 0.66 0.81 0.86 0.75 0.77 0.89 0.64 0.93 0.90 0.86 0.83 0.82 0.68 0.70 0.63 0.53 0.60 0.82 0.66 0.64 0.70 0.63 0.60 0.64 0.56 0.14 0.36 0.45 0.30
0.56 0.54 0.50 0.61 0.65 0.74 0.75 0.84 0.80 0.64 0.82 0.78 0.82 0.88 0.84 0.87 0.65 0.87 0.77 0.75 0.89 0.82 0.61 0.63 0.74 0.38 0.74 0.66 0.53 0.56 0.68 0.61 0.69 0.68 0.40 0.51 0.48 0.44 0.24 0.41
0.56 0.56 0.57 0.68 0.68 0.68 0.76 0.63 0.68 0.77 0.78 0.78 0.69 0.86 0.74 0.86 0.79 0.76 0.90 0.73 0.86 0.69 0.52 0.76 0.80 0.70 0.50 0.78 0.58 0.59 0.58 0.53 0.58 0.62 0.55 0.52 0.41 0.58 0.38 0.38
0.58 0.51 0.60 0.61 0.70 0.71 0.76 0.72 0.81 0.71 0.85 0.79 0.84 0.84 0.83 0.85 0.79 0.78 0.80 0.88 0.80 0.84 0.77 0.57 0.64 0.67 0.57 0.51 0.52 0.66 0.37 0.64 0.55 0.72 0.58 0.18 0.44 0.38 0.35 0.47
0.64 0.55 0.52 0.62 0.58 0.70 0.67 0.75 0.86 0.62 0.69 0.86 0.68 0.84 0.77 0.82 0.70 0.86 0.91 0.86 0.74 0.78 0.51 0.77 0.62 0.23 0.64 0.50 0.64 0.64 0.41 0.51 0.45 0.61 0.41 0.42 0.59 0.43 0.30 0.39
0.55 0.50 0.60 0.66 0.61 0.58 0.75 0.84 0.66 0.69 0.78 0.75 0.78 0.87 0.84 0.88 0.81 0.78 0.67 0.82 0.88 0.78 0.70 0.68 0.64 0.64 0.54 0.53 0.64 0.74 0.56 0.52 0.52 0.44 0.46 0.28 0.44 0.31 0.42 0.37
0.53 0.54 0.61 0.63 0.60 0.70 0.65 0.70 0.80 0.72 0.71 0.84 0.80 0.90 0.82 0.80 0.80 0.85 0.80 0.85 0.86 0.72 0.67 0.79 0.52 0.62 0.76 0.54 0.51 0.78 0.59 0.58 0.47 0.37 0.49 0.69 0.52 0.41 0.30 0.32
0.47 0.53 0.67 0.66 0.62 0.67 0.73 0.81 0.78 0.76 0.64 0.75 0.83 0.89 0.85 0.71 0.77 0.88 0.83 0.89 0.79 0.69 0.76 0.72 0.56 0.71 0.58 0.45 0.76 0.67 0.58 0.44 0.38 0.30 0.51 0.28 0.53 0.36 0.46 0.48
0.59 0.48 0.56 0.66 0.52 0.73 0.75 0.75 0.74 0.76 0.73 0.81 0.86 0.76 0.80 0.85 0.86 0.69 0.80 0.92 0.84 0.77 0.83 0.54 0.67 0.45 0.72 0.24 0.48 0.72 0.64 0.58 0.66 0.48 0.55 0.38 0.59 0.29 0.60 0.44
0.67 0.51 0.66 0.70 0.60 0.73 0.71 0.76 0.79 0.76 0.82 0.80 0.90 0.76 0.75 0.73 0.82 0.69 0.88 0.89 0.84 0.84 0.79 0.81 0.73 0.64 0.71 0.40 0.60 0.39 0.42 0.61 0.52 0.47 0.72 0.52 0.52 0.24 0.41 0.43
0.59 0.56 0.56 0.63 0.70 0.69 0.65 0.80 0.64 0.72 0.76 0.72 0.84 0.87 0.84 0.80 0.78 0.85 0.88 0.87 0.86 0.68 0.66 0.68 0.72 0.63 0.72 0.66 0.72 0.75 0.56 0.49 0.30 0.55 0.51 0.62 0.64 0.42 0.41 0.43
0.53 0.51 0.56 0.50 0.68 0.64 0.77 0.73 0.78 0.79 0.71 0.79 0.84 0.82 0.82 0.87 0.78 0.81 0.89 0.79 0.82 0.82 0.77 0.78 0.74 0.59 0.66 0.52 0.54 0.54 0.73 0.29 0.52 0.70 0.56 0.54 0.39 0.44 0.42 0.42
0.52 0.52 0.48 0.61 0.72 0.76 0.71 0.69 0.72 0.80 0.76 0.81 0.86 0.78 0.65 0.87 0.80 0.76 0.83 0.81 0.87 0.78 0.68 0.67 0.72 0.63 0.66 0.56 0.68 0.63 0.46 0.64 0.54 0.39 0.43 0.61 0.23 0.63 0.45 0.49
0.56 0.61 0.61 0.68 0.58 0.73 0.68 0.71 0.67 0.65 0.81 0.78 0.88 0.93 0.81 0.85 0.88 0.88 0.96 0.79 0.87 0.76 0.69 0.77 0.57 0.52 0.67 0.77 0.41 0.72 0.48 0.52 0.44 0.64 0.43 0.55 0.52 0.31 0.36 0.44
0.54 0.59 0.57 0.63 0.73 0.69 0.71 0.79 0.77 0.78 0.72 0.80 0.84 0.86 0.80 0.65 0.92 0.73 0.64 0.87 0.80 0.70 0.82 0.70 0.47 0.71 0.70 0.44 0.74 0.68 0.61 0.61 0.44 0.50 0.57 0.40 0.43 0.44 0.35 0.48
0.52 0.44 0.53 0.67 0.69 0.72 0.61 0.65 0.79 0.74 0.88 0.85 0.82 0.76 0.88 0.89 0.91 0.71 0.73 0.83 0.81 0.82 0.75 0.67 0.60 0.68 0.70 0.72 0.56 0.65 0.56 0.69 0.58 0.36 0.59 0.37 0.58 0.41 0.53 0.27
