0
0.75 0.42 0.24 0.17 0.16 0.16 0.14 0.14 0.15
0.70 0.40 0.25 0.18 0.20 0.16 0.16 0.16 0.14
0.71 0.42 0.23 0.20 0.18 0.16 0.13 0.16 0.16
0.69 0.39 0.21 0.25 0.16 0.13 0.19 0.14 0.18
0.76 0.36 0.26 0.24 0.22 0.18 0.15 0.15 0.17
0.71 0.40 0.28 0.16 0.12 0.15 0.16 0.14 0.12
0.71 0.41 0.24 0.15 0.24 0.11 0.14 0.16 0.19
0.70 0.36 0.22 0.21 0.17 0.10 0.14 0.11 0.17
0.70 0.46 0.24 0.18 0.14 0.20 0.12 0.16 0.18
0.71 0.46 0.28 0.16 0.19 0.17 0.15 0.14 0.20
0.69 0.42 0.28 0.19 0.17 0.18 0.13 0.14 0.11
0.74 0.44 0.28 0.18 0.17 0.18 0.18 0.12 0.15
0.76 0.46 0.26 0.15 0.19 0.16 0.13 0.14 0.19
0.71 0.40 0.26 0.13 0.19 0.17 0.16 0.10 0.15
0.72 0.38 0.26 0.24 0.18 0.20 0.09 0.13 0.12
0.68 0.43 0.26 0.16 0.17 0.18 0.16 0.13 0.16
0.71 0.44 0.26 0.18 0.14 0.16 0.14 0.14 0.16
0.70 0.42 0.32 0.18 0.21 0.18 0.16 0.16 0.15
0.74 0.40 0.31 0.18 0.18 0.13 0.14 0.15 0.13
0.71 0.39 0.27 0.18 0.18 0.16 0.12 0.14 0.16
0.73 0.42 0.26 0.23 0.19 0.16 0.12 0.13 0.12
0.70 0.43 0.22 0.20 0.15 0.18 0.16 0.12 0.15
0.73 0.38 0.25 0.16 0.23 0.18 0.12 0.10 0.12
0.70 0.42 0.22 0.20 0.18 0.17 0.18 0.17 0.14
0.72 0.41 0.28 0.15 0.19 0.18 0.14 0.16 0.18
0.78 0.37 0.23 0.20 0.20 0.17 0.16 0.18 0.14
0.69 0.38 0.27 0.16 0.18 0.16 0.12 0.11 0.14
0.68 0.46 0.25 0.19 0.18 0.19 0.15 0.14 0.18
0.69 0.41 0.28 0.19 0.14 0.19 0.13 0.12 0.15
0.71 0.46 0.32 0.18 0.19 0.16 0.13 0.09 0.16
0.68 0.45 0.28 0.19 0.18 0.16 0.15 0.15 0.16
0.72 0.39 0.28 0.16 0.16 0.18 0.14 0.14 0.15
0.71 0.36 0.24 0.17 0.15 0.16 0.13 0.15 0.14
0.78 0.42 0.24 0.18 0.19 0.18 0.12 0.10 0.18
0.69 0.42 0.25 0.21 0.16 0.16 0.10 0.16 0.14
0.72 0.38 0.20 0.20 0.18 0.14 0.13 0.09 0.13
0.74 0.40 0.22 0.20 0.15 0.20 0.13 0.12 0.14
0.76 0.43 0.30 0.20 0.23 0.15 0.14 0.16 0.16
0.70 0.40 0.24 0.28 0.17 0.16 0.13 0.14 0.14
0.64 0.42 0.25 0.20 0.15 0.16 0.15 0.14 0.18
0.71 0.40 0.25 0.20 0.17 0.19 0.11 0.14 0.16
0.72 0.38 0.26 0.18 0.20 0.10 0.15 0.16 0.14
0.66 0.42 0.24 0.19 0.18 0.18 0.17 0.14 0.18
0.74 0.40 0.26 0.19 0.19 0.18 0.10 0.14 0.14
0.65 0.42 0.24 0.21 0.18 0.16 0.17 0.13 0.14
0.72 0.38 0.23 0.17 0.16 0.22 0.14 0.17 0.18
0.70 0.38 0.29 0.19 0.16 0.14 0.17 0.11 0.13
0.76 0.38 0.25 0.16 0.18 0.15 0.16 0.16 0.12
0.73 0.41 0.25 0.18 0.18 0.17 0.16 0.13 0.15
0.71 0.46 0.28 0.21 0.16 0.16 0.10 0.16 0.18
