0
0.56 0.44 0.49 0.44 0.40 0.45 0.39 0.40 0.52 0.40 0.43 0.42 0.42 0.37 0.41 0.41 0.38 0.46 0.38 0.35
0.56 0.50 0.48 0.53 0.40 0.40 0.40 0.48 0.45 0.36 0.41 0.44 0.36 0.39 0.38 0.38 0.35 0.42 0.38 0.33
0.64 0.46 0.52 0.57 0.48 0.44 0.43 0.40 0.42 0.41 0.38 0.41 0.40 0.39 0.39 0.43 0.38 0.36 0.40 0.40
0.58 0.49 0.45 0.50 0.41 0.48 0.50 0.43 0.45 0.44 0.42 0.42 0.40 0.38 0.40 0.37 0.33 0.40 0.43 0.39
0.59 0.48 0.48 0.51 0.42 0.43 0.47 0.40 0.45 0.43 0.45 0.40 0.39 0.40 0.35 0.39 0.36 0.38 0.34 0.39
0.56 0.53 0.50 0.52 0.48 0.40 0.40 0.34 0.46 0.43 0.45 0.45 0.37 0.40 0.36 0.43 0.40 0.40 0.38 0.39
0.60 0.52 0.44 0.53 0.44 0.48 0.42 0.42 0.50 0.38 0.45 0.38 0.38 0.37 0.38 0.44 0.36 0.40 0.41 0.43
0.64 0.47 0.48 0.54 0.45 0.48 0.39 0.48 0.47 0.38 0.43 0.40 0.39 0.36 0.40 0.43 0.39 0.47 0.41 0.38
0.62 0.48 0.48 0.60 0.49 0.47 0.48 0.42 0.42 0.43 0.46 0.42 0.36 0.44 0.36 0.40 0.42 0.40 0.41 0.35
