0
0.98 0.94 0.87 0.77 0.71 0.60 0.55 0.53 0.47
0.99 0.95 0.85 0.80 0.71 0.65 0.56 0.54 0.49
0.99 0.94 0.88 0.78 0.71 0.62 0.55 0.52 0.47
0.99 0.95 0.86 0.79 0.70 0.62 0.60 0.51 0.49
0.99 0.94 0.88 0.80 0.69 0.61 0.58 0.55 0.47
0.99 0.95 0.87 0.81 0.72 0.62 0.59 0.52 0.48
0.99 0.95 0.86 0.77 0.71 0.63 0.58 0.54 0.50
0.99 0.94 0.87 0.77 0.70 0.58 0.58 0.53 0.49
0.99 0.96 0.86 0.79 0.72 0.61 0.60 0.51 0.47
0.99 0.95 0.86 0.80 0.70 0.60 0.58 0.52 0.48
0.99 0.96 0.86 0.80 0.71 0.64 0.58 0.54 0.46
0.98 0.95 0.86 0.78 0.69 0.59 0.55 0.51 0.47
0.99 0.96 0.86 0.79 0.70 0.63 0.57 0.53 0.49
0.99 0.95 0.86 0.79 0.69 0.62 0.60 0.54 0.46
0.99 0.96 0.87 0.79 0.71 0.63 0.56 0.53 0.48
0.99 0.94 0.86 0.78 0.72 0.64 0.58 0.49 0.49
0.99 0.95 0.87 0.79 0.70 0.60 0.56 0.52 0.48
0.99 0.95 0.87 0.78 0.70 0.62 0.59 0.52 0.48
0.99 0.96 0.86 0.77 0.69 0.61 0.58 0.56 0.47
0.98 0.95 0.83 0.79 0.70 0.61 0.58 0.52 0.47
0.99 0.96 0.87 0.72 0.68 0.60 0.59 0.54 0.49
0.99 0.96 0.86 0.80 0.69 0.63 0.59 0.53 0.50
0.99 0.95 0.87 0.81 0.70 0.61 0.56 0.52 0.47
0.98 0.95 0.86 0.80 0.68 0.61 0.55 0.53 0.48
0.99 0.96 0.87 0.77 0.69 0.61 0.60 0.51 0.49
0.98 0.95 0.86 0.78 0.71 0.62 0.58 0.53 0.49
0.99 0.95 0.86 0.80 0.67 0.61 0.58 0.50 0.50
0.99 0.95 0.88 0.78 0.73 0.59 0.56 0.54 0.48
0.99 0.95 0.86 0.78 0.71 0.60 0.59 0.51 0.46
0.99 0.96 0.86 0.80 0.73 0.62 0.58 0.54 0.49
0.99 0.95 0.81 0.78 0.72 0.62 0.56 0.52 0.48
0.99 0.96 0.86 0.79 0.68 0.60 0.57 0.53 0.47
0.99 0.96 0.87 0.79 0.71 0.63 0.58 0.54 0.47
0.99 0.95 0.88 0.79 0.73 0.61 0.58 0.51 0.47
0.99 0.95 0.87 0.77 0.70 0.64 0.59 0.54 0.47
0.99 0.95 0.87 0.80 0.71 0.59 0.59 0.50 0.49
0.99 0.95 0.86 0.80 0.72 0.59 0.56 0.52 0.50
0.99 0.95 0.87 0.80 0.71 0.61 0.58 0.52 0.47
0.99 0.96 0.86 0.80 0.71 0.60 0.58 0.51 0.47
0.98 0.95 0.86 0.79 0.70 0.64 0.56 0.50 0.49
0.99 0.95 0.87 0.80 0.68 0.59 0.58 0.52 0.48
0.99 0.95 0.85 0.80 0.70 0.64 0.56 0.52 0.47
0.99 0.95 0.86 0.79 0.70 0.65 0.58 0.54 0.50
0.99 0.94 0.85 0.78 0.71 0.62 0.58 0.52 0.48
0.99 0.95 0.86 0.79 0.71 0.61 0.59 0.53 0.48
0.99 0.94 0.86 0.76 0.70 0.61 0.55 0.52 0.50
0.99 0.96 0.86 0.79 0.71 0.61 0.58 0.54 0.47
0.99 0.96 0.87 0.78 0.70 0.60 0.58 0.52 0.46
0.98 0.96 0.85 0.80 0.70 0.62 0.59 0.52 0.49
0.99 0.95 0.77 0.81 0.71 0.59 0.57 0.54 0.48
