0
0.58 0.51 0.60 0.67 0.74 0.63 0.74 0.75 0.77 0.76 0.76 0.78 0.76 0.79 0.79 0.77 0.79 0.78 0.79 0.77 0.78 0.78 0.78 0.80 0.78 0.78 0.80 0.79 0.79 0.78 0.78 0.78 0.78 0.79 0.77 0.79 0.78
0.48 0.33 0.66 0.57 0.67 0.71 0.71 0.74 0.74 0.78 0.77 0.79 0.78 0.78 0.74 0.79 0.80 0.77 0.79 0.77 0.78 0.78 0.78 0.78 0.79 0.79 0.79 0.79 0.78 0.80 0.78 0.78 0.80 0.79 0.79 0.79 0.79
0.55 0.57 0.68 0.67 0.67 0.72 0.77 0.74 0.75 0.76 0.74 0.79 0.78 0.77 0.79 0.76 0.77 0.79 0.78 0.79 0.79 0.79 0.78 0.77 0.78 0.79 0.78 0.79 0.80 0.78 0.79 0.78 0.78 0.77 0.78 0.78 0.78
0.15 0.33 0.56 0.66 0.51 0.71 0.71 0.78 0.79 0.79 0.78 0.78 0.76 0.78 0.76 0.80 0.77 0.77 0.80 0.78 0.77 0.79 0.80 0.79 0.77 0.78 0.78 0.79 0.77 0.78 0.77 0.78 0.77 0.77 0.78 0.78 0.78
0.58 0.34 0.69 0.68 0.69 0.77 0.76 0.75 0.78 0.76 0.77 0.79 0.78 0.79 0.76 0.79 0.79 0.76 0.79 0.78 0.78 0.79 0.77 0.79 0.78 0.77 0.77 0.78 0.79 0.79 0.78 0.80 0.78 0.80 0.79 0.79 0.79
0.53 0.55 0.35 0.65 0.73 0.76 0.78 0.74 0.77 0.78 0.79 0.72 0.79 0.78 0.77 0.79 0.78 0.77 0.78 0.77 0.79 0.78 0.79 0.78 0.79 0.80 0.79 0.79 0.77 0.79 0.79 0.78 0.78 0.78 0.78 0.77 0.78
0.12 0.55 0.68 0.66 0.73 0.72 0.78 0.66 0.74 0.76 0.78 0.76 0.77 0.79 0.78 0.77 0.77 0.77 0.77 0.79 0.78 0.78 0.77 0.78 0.78 0.79 0.77 0.77 0.78 0.79 0.77 0.80 0.76 0.78 0.77 0.79 0.78
0.56 0.36 0.52 0.66 0.71 0.75 0.66 0.78 0.76 0.78 0.77 0.80 0.78 0.77 0.78 0.77 0.79 0.78 0.78 0.77 0.78 0.79 0.77 0.79 0.80 0.79 0.77 0.79 0.77 0.79 0.77 0.79 0.78 0.78 0.79 0.78 0.78
0.55 0.51 0.54 0.57 0.76 0.75 0.75 0.74 0.77 0.74 0.79 0.76 0.76 0.73 0.79 0.78 0.79 0.78 0.77 0.78 0.77 0.78 0.78 0.80 0.77 0.79 0.78 0.81 0.78 0.80 0.77 0.77 0.78 0.77 0.77 0.79 0.77
