0
0.96 0.92 0.81 0.67 0.64 0.56 0.53 0.47 0.43
0.97 0.93 0.81 0.73 0.67 0.59 0.39 0.40 0.40
0.97 0.92 0.82 0.76 0.57 0.57 0.54 0.40 0.39
0.96 0.89 0.81 0.64 0.56 0.57 0.55 0.48 0.43
0.97 0.89 0.69 0.74 0.65 0.57 0.51 0.41 0.38
0.99 0.93 0.80 0.70 0.59 0.56 0.48 0.47 0.34
0.96 0.93 0.84 0.74 0.65 0.55 0.51 0.32 0.44
0.98 0.93 0.83 0.64 0.65 0.53 0.54 0.44 0.32
0.97 0.92 0.83 0.55 0.64 0.44 0.49 0.44 0.42
0.97 0.93 0.86 0.65 0.66 0.58 0.51 0.48 0.45
0.99 0.93 0.82 0.67 0.64 0.58 0.52 0.33 0.32
0.97 0.93 0.84 0.60 0.67 0.42 0.50 0.50 0.44
0.98 0.92 0.84 0.65 0.65 0.54 0.46 0.49 0.38
0.97 0.92 0.81 0.64 0.60 0.51 0.44 0.44 0.45
0.98 0.94 0.84 0.72 0.59 0.55 0.52 0.38 0.43
0.97 0.92 0.84 0.66 0.58 0.59 0.50 0.48 0.36
0.98 0.92 0.83 0.65 0.64 0.38 0.54 0.39 0.29
0.99 0.93 0.75 0.45 0.57 0.39 0.49 0.45 0.44
0.97 0.94 0.81 0.72 0.66 0.48 0.44 0.43 0.39
0.97 0.93 0.83 0.74 0.65 0.58 0.41 0.49 0.42
0.97 0.92 0.80 0.71 0.65 0.50 0.53 0.46 0.44
0.98 0.92 0.73 0.72 0.51 0.59 0.44 0.43 0.33
0.97 0.93 0.79 0.77 0.67 0.59 0.54 0.48 0.40
0.97 0.90 0.83 0.63 0.64 0.54 0.49 0.40 0.42
0.97 0.91 0.82 0.74 0.66 0.37 0.54 0.46 0.29
0.98 0.94 0.83 0.74 0.64 0.56 0.45 0.16 0.41
0.95 0.93 0.78 0.73 0.65 0.36 0.54 0.48 0.44
0.97 0.94 0.86 0.74 0.58 0.55 0.51 0.43 0.40
0.97 0.94 0.85 0.73 0.64 0.55 0.49 0.46 0.44
0.98 0.94 0.77 0.70 0.58 0.41 0.53 0.46 0.43
0.97 0.94 0.81 0.76 0.59 0.56 0.52 0.48 0.39
0.98 0.91 0.81 0.72 0.66 0.49 0.52 0.46 0.36
0.98 0.93 0.82 0.70 0.61 0.57 0.53 0.50 0.34
0.98 0.94 0.85 0.71 0.66 0.52 0.48 0.48 0.33
0.98 0.88 0.81 0.71 0.56 0.43 0.37 0.39 0.34
0.96 0.63 0.82 0.74 0.64 0.44 0.46 0.20 0.44
0.97 0.91 0.82 0.67 0.56 0.59 0.54 0.43 0.43
0.98 0.90 0.80 0.64 0.66 0.48 0.48 0.43 0.38
0.98 0.93 0.80 0.70 0.70 0.55 0.48 0.47 0.24
0.97 0.95 0.66 0.49 0.61 0.57 0.53 0.43 0.34
0.94 0.94 0.75 0.74 0.65 0.51 0.52 0.44 0.32
0.98 0.91 0.84 0.65 0.59 0.58 0.51 0.46 0.43
0.98 0.89 0.81 0.63 0.64 0.58 0.45 0.49 0.42
0.98 0.94 0.83 0.72 0.60 0.53 0.53 0.42 0.42
0.98 0.95 0.79 0.69 0.63 0.45 0.53 0.47 0.32
0.97 0.93 0.80 0.71 0.56 0.56 0.44 0.27 0.29
0.98 0.93 0.82 0.72 0.68 0.57 0.47 0.47 0.39
0.98 0.92 0.68 0.72 0.68 0.59 0.37 0.41 0.39
0.98 0.88 0.80 0.72 0.63 0.55 0.51 0.32 0.41
0.98 0.92 0.72 0.65 0.59 0.56 0.47 0.44 0.22
