0
0.44 0.34 0.45 0.52 0.50 0.56 0.57 0.67 0.64 0.72 0.62 0.73 0.67 0.63 0.84 0.81 0.77 0.61 0.78 0.87 0.92 0.68 0.58 0.63 0.71 0.37 0.64 0.52 0.64 0.60 0.54 0.68 0.73 0.60 0.40 0.31 0.28 0.51 0.34 0.42
0.27 0.29 0.48 0.36 0.44 0.65 0.63 0.60 0.75 0.80 0.77 0.67 0.78 0.85 0.59 0.88 0.80 0.75 0.76 0.81 0.92 0.55 0.85 0.63 0.56 0.52 0.79 0.46 0.54 0.51 0.67 0.50 0.42 0.53 0.52 0.52 0.50 0.47 0.32 0.61
0.42 0.36 0.35 0.49 0.55 0.57 0.64 0.76 0.65 0.65 0.68 0.71 0.75 0.66 0.75 0.65 0.76 0.76 0.92 0.76 0.92 0.71 0.64 0.57 0.73 0.64 0.64 0.45 0.60 0.73 0.62 0.71 0.63 0.44 0.38 0.54 0.48 0.39 0.56 0.18
0.38 0.34 0.43 0.45 0.45 0.58 0.52 0.68 0.62 0.66 0.74 0.75 0.81 0.84 0.77 0.75 0.83 0.55 0.87 0.78 0.82 0.74 0.71 0.68 0.78 0.75 0.58 0.64 0.72 0.63 0.43 0.50 0.75 0.61 0.40 0.60 0.47 0.45 0.65 0.31
0.34 0.39 0.42 0.50 0.50 0.52 0.57 0.71 0.69 0.66 0.67 0.60 0.79 0.80 0.79 0.77 0.84 0.78 0.72 0.85 0.82 0.73 0.68 0.71 0.76 0.72 0.50 0.37 0.61 0.67 0.47 0.64 0.56 0.44 0.48 0.50 0.32 0.40 0.52 0.49
0.36 0.29 0.47 0.39 0.35 0.65 0.65 0.64 0.76 0.77 0.74 0.62 0.81 0.84 0.78 0.78 0.86 0.69 0.83 0.73 0.81 0.84 0.80 0.71 0.64 0.50 0.66 0.28 0.65 0.68 0.54 0.45 0.72 0.62 0.63 0.58 0.43 0.50 0.39 0.37
0.32 0.36 0.38 0.53 0.64 0.57 0.67 0.59 0.52 0.72 0.78 0.71 0.77 0.88 0.85 0.84 0.81 0.70 0.85 0.86 0.86 0.82 0.73 0.55 0.63 0.41 0.65 0.52 0.31 0.64 0.42 0.54 0.76 0.49 0.54 0.40 0.56 0.43 0.55 0.40
0.31 0.33 0.32 0.54 0.58 0.59 0.64 0.65 0.58 0.68 0.66 0.54 0.64 0.81 0.79 0.77 0.84 0.73 0.88 0.85 0.81 0.80 0.73 0.65 0.34 0.79 0.59 0.60 0.50 0.61 0.46 0.68 0.55 0.48 0.46 0.71 0.62 0.51 0.36 0.51
0.32 0.31 0.42 0.51 0.54 0.66 0.66 0.72 0.63 0.59 0.74 0.64 0.75 0.76 0.66 0.82 0.91 0.75 0.82 0.92 0.85 0.65 0.66 0.67 0.63 0.60 0.60 0.54 0.44 0.67 0.46 0.54 0.52 0.52 0.47 0.36 0.57 0.55 0.33 0.47
0.32 0.24 0.39 0.44 0.67 0.61 0.60 0.62 0.53 0.71 0.64 0.80 0.74 0.84 0.72 0.80 0.71 0.73 0.77 0.81 0.72 0.56 0.68 0.56 0.65 0.68 0.68 0.58 0.62 0.65 0.44 0.64 0.61 0.75 0.20 0.55 0.55 0.39 0.24 0.39
0.28 0.39 0.55 0.47 0.53 0.68 0.58 0.67 0.70 0.68 0.75 0.73 0.68 0.76 0.79 0.63 0.73 0.88 0.84 0.86 0.89 0.56 0.70 0.71 0.39 0.65 0.70 0.59 0.71 0.56 0.50 0.54 0.60 0.58 0.68 0.59 0.40 0.44 0.36 0.50
0.36 0.28 0.35 0.56 0.61 0.58 0.58 0.65 0.66 0.65 0.73 0.69 0.76 0.62 0.78 0.73 0.80 0.76 0.76 0.89 0.75 0.61 0.79 0.68 0.68 0.58 0.50 0.72 0.58 0.69 0.52 0.54 0.36 0.47 0.68 0.30 0.33 0.20 0.61 0.41
0.37 0.36 0.50 0.54 0.55 0.38 0.64 0.63 0.74 0.59 0.61 0.56 0.69 0.79 0.82 0.79 0.82 0.88 0.81 0.77 0.83 0.56 0.81 0.68 0.58 0.60 0.56 0.52 0.69 0.65 0.41 0.56 0.60 0.41 0.67 0.45 0.23 0.48 0.49 0.37
0.36 0.30 0.43 0.48 0.48 0.60 0.69 0.67 0.66 0.79 0.82 0.61 0.56 0.84 0.65 0.79 0.78 0.72 0.85 0.82 0.86 0.76 0.65 0.60 0.74 0.70 0.66 0.52 0.56 0.69 0.56 0.60 0.57 0.48 0.72 0.52 0.39 0.31 0.57 0.25
0.30 0.28 0.43 0.52 0.52 0.55 0.70 0.53 0.77 0.73 0.66 0.79 0.82 0.77 0.79 0.73 0.83 0.70 0.69 0.89 0.65 0.64 0.77 0.68 0.70 0.76 0.53 0.75 0.68 0.81 0.59 0.61 0.71 0.40 0.30 0.70 0.64 0.42 0.40 0.49
0.36 0.28 0.30 0.46 0.45 0.64 0.65 0.68 0.64 0.68 0.73 0.58 0.80 0.90 0.85 0.69 0.86 0.79 0.77 0.68 0.67 0.72 0.64 0.79 0.74 0.75 0.60 0.69 0.65 0.62 0.58 0.72 0.60 0.44 0.38 0.36 0.38 0.49 0.31 0.45
0.30 0.39 0.40 0.44 0.52 0.61 0.63 0.66 0.64 0.65 0.81 0.79 0.69 0.79 0.75 0.81 0.73 0.72 0.89 0.87 0.86 0.74 0.69 0.67 0.64 0.71 0.70 0.53 0.67 0.53 0.57 0.68 0.65 0.55 0.52 0.44 0.35 0.14 0.42 0.38
0.33 0.31 0.48 0.56 0.52 0.46 0.64 0.58 0.68 0.68 0.71 0.69 0.80 0.71 0.67 0.76 0.87 0.81 0.86 0.78 0.88 0.78 0.65 0.64 0.82 0.60 0.68 0.63 0.45 0.57 0.52 0.57 0.56 0.66 0.46 0.39 0.43 0.17 0.32 0.31
0.36 0.38 0.39 0.45 0.57 0.50 0.72 0.71 0.63 0.42 0.69 0.76 0.70 0.77 0.85 0.76 0.85 0.70 0.81 0.78 0.79 0.79 0.73 0.68 0.68 0.63 0.64 0.69 0.44 0.70 0.76 0.74 0.36 0.57 0.52 0.55 0.51 0.36 0.39 0.48
0.40 0.40 0.44 0.47 0.57 0.57 0.68 0.68 0.66 0.72 0.72 0.80 0.74 0.81 0.88 0.71 0.87 0.76 0.76 0.82 0.78 0.69 0.72 0.71 0.50 0.64 0.70 0.71 0.48 0.59 0.49 0.40 0.47 0.60 0.31 0.35 0.28 0.48 0.45 0.30
0.32 0.30 0.39 0.44 0.53 0.57 0.56 0.60 0.64 0.69 0.79 0.70 0.64 0.76 0.70 0.82 0.83 0.81 0.81 0.76 0.76 0.52 0.52 0.63 0.50 0.35 0.66 0.70 0.63 0.53 0.64 0.65 0.21 0.64 0.65 0.33 0.45 0.56 0.29 0.30
0.35 0.32 0.38 0.48 0.57 0.61 0.69 0.70 0.76 0.72 0.71 0.69 0.77 0.79 0.77 0.68 0.80 0.80 0.86 0.85 0.89 0.78 0.75 0.57 0.55 0.58 0.40 0.49 0.59 0.60 0.60 0.53 0.48 0.59 0.70 0.33 0.20 0.51 0.51 0.32
0.36 0.36 0.40 0.52 0.52 0.60 0.53 0.72 0.70 0.78 0.62 0.76 0.78 0.86 0.72 0.75 0.77 0.48 0.73 0.88 0.85 0.77 0.56 0.69 0.75 0.69 0.56 0.66 0.56 0.68 0.39 0.56 0.55 0.58 0.32 0.47 0.49 0.64 0.50 0.14
0.37 0.27 0.33 0.45 0.51 0.62 0.62 0.69 0.76 0.61 0.68 0.78 0.84 0.55 0.81 0.72 0.72 0.75 0.77 0.84 0.81 0.72 0.71 0.69 0.61 0.40 0.76 0.59 0.52 0.62 0.56 0.69 0.60 0.43 0.62 0.37 0.53 0.52 0.18 0.22
0.34 0.37 0.50 0.56 0.54 0.52 0.70 0.67 0.68 0.71 0.52 0.59 0.69 0.84 0.83 0.84 0.66 0.71 0.86 0.88 0.77 0.57 0.67 0.43 0.78 0.72 0.32 0.43 0.59 0.68 0.53 0.43 0.58 0.60 0.47 0.39 0.38 0.29 0.20 0.18
0.30 0.39 0.48 0.50 0.59 0.62 0.63 0.60 0.66 0.72 0.76 0.72 0.78 0.75 0.84 0.67 0.79 0.81 0.76 0.86 0.86 0.65 0.81 0.56 0.74 0.71 0.66 0.52 0.40 0.50 0.52 0.54 0.43 0.48 0.33 0.57 0.32 0.43 0.50 0.56
0.34 0.36 0.46 0.49 0.57 0.54 0.64 0.73 0.66 0.75 0.76 0.80 0.72 0.58 0.75 0.77 0.82 0.80 0.87 0.84 0.89 0.79 0.61 0.69 0.44 0.72 0.74 0.64 0.68 0.69 0.36 0.48 0.43 0.47 0.52 0.51 0.31 0.27 0.18 0.52
0.29 0.44 0.37 0.54 0.56 0.61 0.60 0.64 0.76 0.77 0.76 0.73 0.65 0.80 0.79 0.82 0.73 0.61 0.76 0.82 0.66 0.78 0.74 0.77 0.69 0.56 0.56 0.54 0.76 0.65 0.55 0.44 0.63 0.64 0.55 0.71 0.37 0.40 0.42 0.59
0.36 0.33 0.38 0.53 0.50 0.66 0.63 0.72 0.64 0.59 0.74 0.53 0.78 0.81 0.80 0.85 0.59 0.76 0.80 0.74 0.84 0.74 0.79 0.71 0.59 0.59 0.74 0.56 0.62 0.69 0.48 0.60 0.52 0.58 0.59 0.53 0.42 0.54 0.39 0.48
0.36 0.42 0.35 0.57 0.57 0.47 0.64 0.61 0.55 0.76 0.76 0.78 0.86 0.75 0.80 0.82 0.82 0.85 0.82 0.84 0.78 0.81 0.66 0.74 0.67 0.86 0.63 0.62 0.45 0.53 0.61 0.64 0.50 0.53 0.23 0.42 0.31 0.31 0.60 0.43
0.33 0.41 0.43 0.51 0.56 0.50 0.71 0.64 0.65 0.74 0.78 0.70 0.77 0.80 0.74 0.83 0.82 0.57 0.85 0.92 0.85 0.64 0.75 0.39 0.76 0.56 0.60 0.30 0.66 0.60 0.48 0.57 0.56 0.54 0.43 0.63 0.51 0.43 0.49 0.36
0.32 0.32 0.51 0.58 0.56 0.58 0.68 0.70 0.75 0.68 0.62 0.76 0.71 0.80 0.84 0.81 0.78 0.82 0.87 0.86 0.87 0.78 0.80 0.75 0.56 0.59 0.84 0.50 0.46 0.51 0.51 0.46 0.51 0.61 0.54 0.49 0.48 0.29 0.36 0.53
0.31 0.33 0.43 0.48 0.53 0.62 0.65 0.76 0.75 0.70 0.74 0.69 0.62 0.84 0.72 0.80 0.79 0.72 0.82 0.86 0.80 0.79 0.64 0.69 0.74 0.72 0.45 0.53 0.63 0.75 0.71 0.39 0.49 0.66 0.50 0.64 0.51 0.40 0.67 0.47
0.40 0.38 0.47 0.61 0.51 0.68 0.60 0.72 0.68 0.59 0.78 0.83 0.75 0.72 0.85 0.71 0.79 0.82 0.72 0.85 0.81 0.62 0.77 0.68 0.64 0.66 0.72 0.52 0.71 0.75 0.40 0.70 0.44 0.55 0.52 0.65 0.59 0.50 0.26 0.60
0.40 0.36 0.45 0.48 0.53 0.71 0.59 0.61 0.72 0.69 0.73 0.60 0.78 0.81 0.71 0.75 0.88 0.63 0.90 0.88 0.84 0.82 0.78 0.66 0.69 0.62 0.52 0.59 0.82 0.65 0.64 0.70 0.63 0.60 0.64 0.56 0.14 0.36 0.45 0.30
0.37 0.31 0.34 0.48 0.54 0.66 0.67 0.73 0.70 0.57 0.74 0.70 0.78 0.86 0.78 0.79 0.64 0.83 0.72 0.72 0.85 0.80 0.58 0.62 0.73 0.38 0.73 0.66 0.53 0.56 0.68 0.60 0.69 0.68 0.40 0.51 0.48 0.44 0.24 0.41
0.35 0.40 0.45 0.59 0.51 0.57 0.68 0.55 0.62 0.70 0.72 0.74 0.64 0.83 0.70 0.83 0.76 0.71 0.89 0.72 0.84 0.64 0.50 0.75 0.80 0.69 0.49 0.78 0.58 0.59 0.57 0.53 0.58 0.62 0.55 0.52 0.41 0.58 0.38 0.38
0.37 0.28 0.44 0.47 0.54 0.60 0.64 0.67 0.68 0.65 0.81 0.69 0.78 0.80 0.79 0.80 0.77 0.72 0.77 0.87 0.79 0.79 0.76 0.57 0.63 0.65 0.57 0.51 0.51 0.65 0.36 0.64 0.55 0.72 0.58 0.18 0.44 0.38 0.35 0.47
0.38 0.38 0.33 0.47 0.41 0.59 0.55 0.70 0.77 0.58 0.60 0.80 0.58 0.82 0.73 0.75 0.68 0.84 0.88 0.85 0.72 0.76 0.48 0.75 0.61 0.20 0.64 0.50 0.64 0.63 0.41 0.51 0.44 0.61 0.41 0.41 0.59 0.42 0.30 0.39
0.36 0.31 0.40 0.50 0.52 0.47 0.67 0.76 0.59 0.62 0.72 0.66 0.72 0.84 0.78 0.84 0.79 0.71 0.64 0.80 0.87 0.75 0.70 0.65 0.61 0.62 0.53 0.53 0.64 0.74 0.56 0.52 0.52 0.44 0.46 0.28 0.44 0.31 0.42 0.37
0.37 0.33 0.44 0.50 0.48 0.61 0.56 0.63 0.75 0.68 0.61 0.80 0.75 0.89 0.81 0.76 0.77 0.84 0.78 0.84 0.84 0.63 0.59 0.78 0.52 0.61 0.76 0.54 0.51 0.77 0.59 0.58 0.46 0.37 0.49 0.69 0.52 0.41 0.30 0.32
0.27 0.34 0.45 0.54 0.52 0.56 0.59 0.72 0.69 0.69 0.56 0.64 0.81 0.84 0.80 0.67 0.74 0.87 0.81 0.88 0.77 0.66 0.76 0.71 0.56 0.70 0.58 0.45 0.76 0.67 0.57 0.44 0.38 0.30 0.51 0.28 0.53 0.36 0.46 0.48
0.35 0.34 0.40 0.52 0.39 0.62 0.68 0.69 0.68 0.67 0.66 0.75 0.81 0.69 0.72 0.82 0.84 0.62 0.77 0.90 0.82 0.73 0.80 0.52 0.61 0.45 0.72 0.23 0.48 0.72 0.64 0.58 0.66 0.48 0.55 0.38 0.59 0.29 0.60 0.44
0.48 0.37 0.51 0.59 0.49 0.64 0.62 0.67 0.71 0.71 0.78 0.77 0.88 0.72 0.68 0.69 0.78 0.61 0.85 0.89 0.82 0.80 0.78 0.80 0.69 0.64 0.71 0.39 0.59 0.37 0.42 0.61 0.51 0.47 0.72 0.52 0.52 0.24 0.41 0.43
0.38 0.37 0.44 0.52 0.54 0.59 0.58 0.71 0.56 0.65 0.72 0.64 0.81 0.84 0.82 0.77 0.71 0.81 0.86 0.85 0.84 0.66 0.64 0.67 0.71 0.63 0.72 0.66 0.72 0.75 0.55 0.49 0.30 0.55 0.51 0.62 0.64 0.42 0.41 0.43
0.34 0.36 0.39 0.33 0.58 0.54 0.64 0.67 0.66 0.70 0.62 0.72 0.78 0.78 0.80 0.81 0.76 0.78 0.86 0.74 0.80 0.79 0.77 0.77 0.71 0.59 0.66 0.51 0.53 0.54 0.72 0.28 0.52 0.70 0.56 0.54 0.39 0.44 0.42 0.42
0.29 0.34 0.34 0.51 0.60 0.62 0.64 0.61 0.64 0.73 0.68 0.77 0.80 0.77 0.61 0.85 0.76 0.74 0.82 0.80 0.84 0.76 0.66 0.64 0.72 0.63 0.66 0.56 0.68 0.61 0.45 0.64 0.54 0.39 0.43 0.61 0.23 0.63 0.45 0.49
0.33 0.43 0.46 0.52 0.50 0.60 0.63 0.64 0.58 0.55 0.76 0.71 0.85 0.91 0.72 0.82 0.84 0.84 0.93 0.73 0.86 0.71 0.68 0.75 0.56 0.52 0.67 0.77 0.41 0.72 0.48 0.52 0.43 0.64 0.43 0.55 0.52 0.31 0.36 0.44
0.34 0.40 0.40 0.50 0.51 0.61 0.60 0.73 0.72 0.71 0.68 0.72 0.78 0.86 0.78 0.57 0.88 0.68 0.60 0.86 0.77 0.67 0.80 0.66 0.46 0.67 0.70 0.44 0.74 0.68 0.58 0.60 0.44 0.49 0.57 0.40 0.43 0.44 0.35 0.48
0.38 0.24 0.40 0.51 0.55 0.64 0.55 0.62 0.70 0.68 0.84 0.79 0.79 0.73 0.87 0.86 0.88 0.69 0.73 0.80 0.80 0.80 0.73 0.66 0.60 0.68 0.70 0.72 0.55 0.65 0.55 0.69 0.58 0.36 0.59 0.37 0.58 0.40 0.53 0.27
