0
0.98 0.97 0.93 0.88 0.86 0.79 0.74 0.71 0.65
0.99 0.97 0.93 0.92 0.87 0.84 0.76 0.72 0.66
0.99 0.97 0.94 0.89 0.86 0.81 0.72 0.72 0.67
1.00 0.97 0.94 0.90 0.85 0.82 0.78 0.71 0.67
0.99 0.97 0.95 0.91 0.84 0.81 0.76 0.75 0.67
0.99 0.98 0.94 0.92 0.87 0.80 0.79 0.72 0.69
0.99 0.98 0.95 0.89 0.87 0.83 0.76 0.73 0.70
0.99 0.97 0.94 0.89 0.87 0.77 0.75 0.73 0.68
0.99 0.98 0.94 0.91 0.86 0.77 0.78 0.72 0.64
0.99 0.97 0.93 0.91 0.84 0.81 0.76 0.71 0.66
0.99 0.98 0.94 0.90 0.87 0.80 0.76 0.73 0.64
0.99 0.97 0.93 0.91 0.86 0.81 0.76 0.70 0.69
0.99 0.98 0.94 0.91 0.86 0.81 0.75 0.72 0.67
0.99 0.98 0.93 0.90 0.86 0.81 0.78 0.73 0.64
0.99 0.98 0.94 0.90 0.87 0.82 0.75 0.71 0.66
0.99 0.96 0.93 0.89 0.87 0.83 0.75 0.69 0.68
0.99 0.98 0.93 0.91 0.84 0.81 0.73 0.71 0.67
0.99 0.97 0.94 0.90 0.84 0.79 0.77 0.72 0.66
1.00 0.98 0.94 0.90 0.87 0.82 0.78 0.75 0.65
0.99 0.97 0.91 0.91 0.86 0.80 0.76 0.71 0.66
0.99 0.98 0.94 0.80 0.84 0.82 0.77 0.73 0.68
1.00 0.98 0.94 0.92 0.86 0.81 0.78 0.73 0.68
0.99 0.97 0.94 0.91 0.87 0.81 0.75 0.70 0.65
0.99 0.97 0.94 0.90 0.83 0.80 0.73 0.74 0.66
0.99 0.98 0.94 0.90 0.85 0.81 0.81 0.69 0.67
0.99 0.98 0.94 0.91 0.88 0.81 0.76 0.72 0.66
0.99 0.97 0.94 0.91 0.83 0.80 0.78 0.69 0.70
0.99 0.97 0.94 0.91 0.89 0.78 0.75 0.72 0.66
0.99 0.97 0.93 0.90 0.88 0.77 0.78 0.71 0.67
0.99 0.98 0.94 0.91 0.88 0.79 0.76 0.73 0.68
0.99 0.98 0.88 0.89 0.89 0.80 0.76 0.74 0.66
0.99 0.98 0.94 0.92 0.86 0.79 0.75 0.72 0.67
0.99 0.98 0.94 0.90 0.87 0.84 0.78 0.74 0.65
0.99 0.97 0.95 0.91 0.88 0.81 0.75 0.70 0.65
0.99 0.97 0.93 0.87 0.86 0.83 0.76 0.73 0.65
0.99 0.98 0.95 0.92 0.86 0.80 0.77 0.64 0.68
0.99 0.97 0.94 0.91 0.87 0.79 0.74 0.71 0.68
1.00 0.98 0.94 0.91 0.87 0.81 0.77 0.70 0.64
0.99 0.98 0.94 0.92 0.88 0.79 0.75 0.72 0.66
0.99 0.98 0.94 0.90 0.86 0.81 0.75 0.68 0.67
0.99 0.97 0.94 0.92 0.82 0.78 0.77 0.69 0.66
0.99 0.98 0.92 0.91 0.86 0.83 0.75 0.71 0.65
1.00 0.97 0.93 0.92 0.86 0.84 0.75 0.75 0.68
0.99 0.98 0.93 0.90 0.86 0.80 0.76 0.71 0.70
0.99 0.97 0.93 0.92 0.88 0.81 0.76 0.71 0.68
1.00 0.97 0.94 0.86 0.87 0.78 0.73 0.73 0.70
0.99 0.98 0.94 0.91 0.87 0.82 0.76 0.75 0.68
0.99 0.98 0.94 0.89 0.86 0.81 0.77 0.70 0.64
0.98 0.98 0.93 0.91 0.86 0.81 0.78 0.69 0.66
0.99 0.97 0.81 0.92 0.86 0.81 0.77 0.73 0.65
