0
0.11 0.13 0.13 0.08 0.75 0.98 0.95 0.14 0.78 0.97 0.96 0.98 0.98 0.98 0.98 0.98 0.98 0.98 0.98 0.98 0.97 0.98 0.97 0.98 0.94 0.98 0.98
0.01 0.11 0.13 0.47 0.85 0.70 0.14 0.19 0.97 0.97 0.96 0.98 0.94 0.98 0.98 0.94 0.98 0.97 0.97 0.98 0.98 0.98 0.98 0.98 0.98 0.99 0.96
0.01 0.01 0.01 0.31 0.12 0.21 0.70 0.94 0.02 0.85 0.17 0.96 0.93 0.96 0.97 0.98 0.97 0.97 0.98 0.97 0.97 0.97 0.98 0.98 0.92 0.97 0.99
0.13 0.00 0.01 0.16 0.15 0.24 0.25 0.97 0.22 0.97 0.92 0.97 0.95 0.96 0.97 0.97 0.97 0.99 0.97 0.98 0.97 0.95 0.98 0.97 0.97 0.98 0.99
0.00 0.12 0.11 0.43 0.74 0.91 0.94 0.15 0.44 0.96 0.99 0.96 0.98 0.97 0.98 0.97 0.98 0.96 0.98 0.98 0.98 0.98 0.98 0.96 0.98 0.97 0.98
0.01 0.72 0.01 0.14 0.14 0.91 0.12 0.19 0.98 0.98 0.98 0.13 0.98 0.97 0.98 0.97 0.99 0.96 0.96 0.98 0.99 0.98 0.94 0.98 0.98 0.98 0.97
0.11 0.02 0.13 0.18 0.16 0.78 0.84 0.02 0.97 0.98 0.97 0.97 0.98 0.98 0.92 0.97 0.97 0.99 0.93 0.98 0.99 0.98 0.98 0.99 0.98 0.98 0.97
0.10 0.00 0.12 0.01 0.98 0.16 0.77 0.98 0.94 0.97 0.95 0.97 0.98 0.98 0.99 0.98 0.97 0.98 0.98 0.98 0.98 0.97 0.98 0.99 0.98 0.98 0.97
0.01 0.14 0.12 0.02 0.49 0.94 0.93 0.94 0.94 0.98 0.99 0.98 0.98 0.96 0.52 0.97 0.98 0.98 0.98 0.97 0.98 0.98 0.99 0.97 0.98 0.97 0.98
0.00 0.02 0.09 0.75 0.16 0.96 0.69 0.96 0.97 0.98 0.90 0.96 0.96 0.97 0.98 0.98 0.96 0.98 0.96 0.99 0.97 0.99 0.97 0.98 0.97 0.97 0.97
0.01 0.01 0.02 0.82 0.07 0.13 0.84 0.93 0.93 0.60 0.96 0.94 0.98 0.97 0.96 0.98 0.98 0.98 0.98 0.98 0.98 0.97 0.98 0.98 0.99 0.98 0.98
0.11 0.11 0.11 0.56 0.97 0.95 0.98 0.94 0.98 0.97 0.94 0.87 0.84 0.96 0.97 0.97 0.98 0.97 0.99 0.99 0.98 0.97 0.98 0.99 0.98 0.98 0.97
0.11 0.13 0.11 0.01 0.39 0.09 0.97 0.97 0.93 0.97 0.96 0.97 0.97 0.97 0.98 0.99 0.98 0.94 0.98 0.97 0.98 0.98 0.97 0.98 0.98 0.99 0.96
0.11 0.11 0.12 0.42 0.06 0.98 0.97 0.11 0.76 0.82 0.98 0.98 0.98 0.65 0.99 0.98 0.98 0.99 0.97 0.97 0.96 0.95 0.98 0.98 0.98 0.98 0.97
0.00 0.04 0.11 0.12 0.14 0.68 0.68 0.97 0.62 0.98 0.97 0.96 0.98 0.98 0.98 0.97 0.99 0.97 0.97 0.95 0.93 0.98 0.98 0.98 0.98 0.96 0.98
0.01 0.01 0.80 0.41 0.22 0.87 0.18 0.98 0.98 0.96 0.96 0.95 0.97 0.98 0.97 0.97 0.96 0.98 0.95 0.97 0.98 0.97 0.97 0.98 0.98 0.98 0.96
0.01 0.00 0.14 0.91 0.64 0.18 0.97 0.96 0.97 0.86 0.97 0.98 0.99 0.98 0.95 0.98 0.97 0.97 0.96 0.98 0.97 0.98 0.98 0.98 0.97 0.96 0.98
0.12 0.13 0.13 0.13 0.96 0.92 0.94 0.91 0.88 0.85 0.98 0.98 0.98 0.94 0.98 0.98 0.96 0.97 0.99 0.97 0.98 0.97 0.98 0.98 0.97 0.99 0.98
0.08 0.11 0.12 0.17 0.15 0.98 0.69 0.97 0.96 0.98 0.97 0.97 0.98 0.42 0.98 0.94 0.98 0.98 0.98 0.98 0.98 0.97 0.97 0.98 0.97 0.96 0.97
0.13 0.01 0.14 0.68 0.18 0.96 0.34 0.95 0.96 0.96 0.97 0.97 0.94 0.98 0.98 0.98 0.98 0.98 0.97 0.97 0.97 0.98 0.98 0.98 0.99 0.97 0.97
0.01 0.01 0.19 0.00 0.96 0.84 0.13 0.98 0.96 0.94 0.98 0.98 0.98 0.84 0.98 0.96 0.97 0.98 0.98 0.98 0.97 0.98 0.97 0.96 0.98 0.99 0.98
0.11 0.11 0.25 0.07 0.16 0.36 0.95 0.97 0.98 0.98 0.98 0.98 0.97 0.97 0.97 0.98 0.97 0.98 0.96 0.99 0.98 0.97 0.98 0.98 0.96 0.97 0.96
0.00 0.11 0.11 0.97 0.11 0.75 0.85 0.78 0.56 0.96 0.98 0.83 0.98 0.95 0.98 0.99 0.98 0.98 0.98 0.98 0.99 0.99 0.97 0.98 0.98 0.99 0.97
0.14 0.11 0.57 0.59 0.33 0.84 0.10 0.96 0.97 0.94 0.87 0.97 0.98 0.95 0.96 0.97 0.98 0.98 0.98 0.98 0.97 0.98 0.98 0.99 0.98 0.98 0.98
0.12 0.13 0.88 0.21 0.13 0.11 0.09 0.98 0.97 0.98 0.94 0.96 0.96 0.96 0.97 0.97 0.98 0.97 0.94 0.95 0.98 0.97 0.98 0.96 0.98 0.98 0.97
0.01 0.12 0.08 0.72 0.89 0.07 0.20 0.89 0.97 0.96 0.98 0.77 0.97 0.98 0.96 0.98 0.97 0.97 0.98 0.97 0.98 0.97 0.98 0.98 0.98 0.98 0.98
0.13 0.01 0.01 0.01 0.08 0.13 0.98 0.71 0.97 0.95 0.97 0.97 0.98 0.98 0.97 0.99 0.98 0.98 0.95 0.98 0.94 0.98 0.98 0.98 0.98 0.97 0.98
0.01 0.01 0.02 0.17 0.06 0.85 0.15 0.91 0.84 0.97 0.83 0.97 0.98 0.97 0.94 0.98 0.96 0.98 0.97 0.99 0.99 0.98 0.94 0.97 0.98 0.98 0.98
0.01 0.11 0.04 0.13 0.13 0.12 0.92 0.16 0.97 0.98 0.98 0.98 0.97 0.94 0.98 0.98 0.97 0.97 0.98 0.97 0.98 0.96 0.98 0.98 0.98 0.98 0.99
0.00 0.12 0.02 0.12 0.01 0.67 0.73 0.95 0.98 0.87 0.98 0.99 0.95 0.94 0.98 0.98 0.97 0.97 0.98 0.97 0.97 0.98 0.96 0.98 0.98 0.98 0.98
0.01 0.11 0.12 0.19 0.96 0.12 0.16 0.13 0.99 0.99 0.96 0.98 0.97 0.98 0.98 0.98 0.98 0.98 0.98 0.98 0.96 0.97 0.97 0.98 0.97 0.98 0.97
0.03 0.11 0.13 0.02 0.95 0.08 0.60 0.66 0.98 0.96 0.74 0.98 0.97 0.98 0.97 0.98 0.95 0.96 0.97 0.98 0.98 0.98 0.98 0.98 0.98 0.97 0.98
0.14 0.13 0.00 0.09 0.46 0.95 0.96 0.96 0.89 0.96 0.98 0.97 0.97 0.99 0.98 0.96 0.97 0.98 0.98 0.98 0.93 0.98 0.98 0.98 0.94 0.99 0.97
0.02 0.02 0.08 0.14 0.12 0.04 0.35 0.87 0.93 0.98 0.96 0.91 0.98 0.97 0.97 0.90 0.98 0.97 0.99 0.96 0.97 0.99 0.97 0.97 0.99 0.98 0.97
0.01 0.01 0.81 0.96 0.97 0.19 0.96 0.87 0.98 0.98 0.96 0.98 0.98 0.95 0.98 0.96 0.99 0.94 0.98 0.98 0.98 0.98 0.98 0.97 0.97 0.98 0.97
0.10 0.12 0.18 0.03 0.68 0.51 0.97 0.97 0.96 0.88 0.97 0.94 0.97 0.67 0.98 0.98 0.95 0.98 0.98 0.99 0.99 0.99 0.98 0.96 0.97 0.98 0.99
0.13 0.13 0.62 0.93 0.96 0.86 0.96 0.98 0.96 0.96 0.98 0.96 0.98 0.72 0.99 0.98 0.98 0.98 0.98 0.97 0.97 0.94 0.99 0.97 0.98 0.98 0.98
0.00 0.12 0.07 0.53 0.65 0.18 0.25 0.77 0.95 0.97 0.97 0.96 0.92 0.97 0.98 0.96 0.98 0.98 0.98 0.99 0.98 0.98 0.96 0.99 0.96 0.98 0.99
0.13 0.01 0.12 0.19 0.19 0.99 0.11 0.96 0.95 0.98 0.97 0.95 0.98 0.98 0.94 0.98 0.98 0.98 0.98 0.98 0.99 0.98 0.98 0.97 0.98 0.97 0.98
0.11 0.12 0.14 0.93 0.22 0.05 0.14 0.98 0.67 0.98 0.98 0.97 0.98 0.99 0.97 0.98 0.97 0.98 0.98 0.99 0.99 0.98 0.98 0.99 0.98 0.97 0.98
0.01 0.57 0.13 0.80 0.70 0.11 0.38 0.32 0.97 0.92 0.41 0.98 0.97 0.98 0.98 0.99 0.98 0.98 0.98 0.98 0.98 0.99 0.98 0.98 0.98 0.98 0.98
0.04 0.08 0.40 0.51 0.75 0.76 0.77 0.78 0.96 0.96 0.98 0.99 0.97 0.97 0.97 0.97 0.97 0.98 0.98 0.97 0.98 0.96 0.98 0.98 0.98 0.96 0.97
0.00 0.02 0.13 0.13 0.13 0.18 0.37 0.01 0.97 0.97 0.97 0.97 0.98 0.99 0.85 0.97 0.98 0.97 0.98 0.97 0.97 0.98 0.97 0.98 0.97 0.98 0.96
0.01 0.02 0.35 0.12 0.04 0.15 0.37 0.98 0.97 0.96 0.98 0.98 0.98 0.94 0.96 0.98 0.97 0.90 0.98 0.99 0.97 0.97 0.98 0.96 0.98 0.97 0.98
0.10 0.01 0.17 0.13 0.61 0.08 0.82 0.69 0.92 0.98 0.97 0.97 0.98 0.97 0.97 0.97 0.97 0.97 0.97 0.99 0.91 0.98 0.98 0.97 0.99 0.99 0.98
0.12 0.12 0.01 0.01 0.62 0.12 0.77 0.18 0.98 0.95 0.94 0.98 0.97 0.97 0.94 0.98 0.97 0.98 0.97 0.98 0.98 0.98 0.98 0.98 0.98 0.97 0.97
0.02 0.01 0.12 0.18 0.15 0.72 0.91 0.96 0.98 0.96 0.91 0.97 0.99 0.98 0.96 0.97 0.94 0.98 0.98 0.98 0.98 0.98 0.97 0.98 0.98 0.98 0.98
0.00 0.01 0.15 0.22 0.62 0.93 0.37 0.88 0.93 0.97 0.96 0.98 0.97 0.95 0.98 0.98 0.98 0.96 0.96 0.98 0.98 0.98 0.98 0.99 0.97 0.97 0.98
0.01 0.01 0.22 0.05 0.28 0.24 0.30 0.61 0.98 0.66 0.97 0.82 0.98 0.98 0.98 0.99 0.98 0.97 0.97 0.97 0.98 0.98 0.96 0.99 0.98 0.98 0.98
0.10 0.13 0.12 0.11 0.13 0.94 0.99 0.97 0.92 0.93 0.90 0.96 0.98 0.96 0.98 0.98 0.98 0.97 0.98 0.98 0.98 0.98 0.99 0.99 0.99 0.97 0.98
