# movement simulation of the cell with previously learnt neural network
# init_distance = 7
# rate = 1
# diffusion = 1
# seed = 1
# cutoff = 20
# init_pos = -0.6871676831823128	-6.42978828519203	-2.6806012726246995
# particlenum = 100
# max_particles = 100000
# filename of neural network = Total_mlp1
100	-0.6871679999999999	-6.429789999999999	-2.6806000000000005
101	-0.6871679999999999	-6.429789999999999	-2.6806000000000005
102	-0.6871679999999999	-6.429789999999999	-2.6806000000000005
103	-0.6871679999999999	-6.429789999999999	-2.6806000000000005
104	-0.6871679999999999	-6.429789999999999	-2.6806000000000005
105	-0.6871679999999999	-6.429789999999999	-2.6806000000000005
106	-0.787168000000005	-6.42979	-2.6806
107	-0.887168000000005	-6.429789999999999	-2.6806
108	-0.9871680000000049	-6.42979	-2.6805999999999996
109	-1.0371700000000024	-6.42979	-2.7671999999999985
110	-1.0871700000000033	-6.429789999999999	-2.8538100000000006
111	-1.1371699999999991	-6.42979	-2.9404099999999995
112	-1.1871700000000025	-6.42979	-3.02701
113	-1.137169999999999	-6.429789999999999	-3.113610000000001
114	-1.0871700000000033	-6.42979	-3.2002199999999994
115	-1.0371700000000024	-6.429789999999999	-3.286820000000001
116	-0.9562660000000027	-6.371009999999998	-3.2868200000000014
117	-0.8753639999999996	-6.3122300000000005	-3.2868200000000005
118	-0.7944630000000003	-6.25345	-3.286820000000001
119	-0.7135610000000023	-6.1946699999999995	-3.28682
120	-0.6326589999999994	-6.135900000000001	-3.286819999999999
121	-0.5517569999999993	-6.07712	-3.286819999999999
122	-0.47085600000000055	-6.018339999999999	-3.286819999999999
123	-0.3899540000000014	-5.959560000000001	-3.2868199999999987
124	-0.30905199999999944	-5.900780000000001	-3.2868199999999996
125	-0.259052000000004	-5.900779999999999	-3.20022
126	-0.17815100000000092	-5.8420000000000005	-3.200219999999999
127	-0.09724900000000453	-5.783219999999999	-3.2002199999999994
128	-0.016347300000004072	-5.72445	-3.2002199999999994
129	-0.016347300000004072	-5.72445	-3.2002199999999994
130	-0.016347300000004072	-5.72445	-3.2002199999999994
131	-0.016347300000004072	-5.72445	-3.2002199999999994
132	-0.016347300000004072	-5.72445	-3.2002199999999994
133	0.06455439999999768	-5.66567	-3.200219999999999
134	0.03365269999999731	-5.57056	-3.2002199999999994
135	0.0027510100000016397	-5.47546	-3.2002199999999985
136	-0.02815069999999982	-5.38035	-3.2002199999999994
137	-0.05905240000000304	-5.28524	-3.2002199999999994
138	-0.0899541000000016	-5.19014	-3.2002199999999994
139	-0.12085600000000132	-5.0950299999999995	-3.2002200000000003
140	-0.15175700000000217	-4.99993	-3.200219999999999
141	-0.18265900000000002	-4.90482	-3.2002200000000003
142	-0.21356100000000272	-4.809720000000002	-3.2002199999999985
143	-0.2444629999999987	-4.714610000000002	-3.200219999999998
144	-0.27536400000000133	-4.61951	-3.2002200000000007
145	-0.3062660000000007	-4.5244	-3.20022
146	-0.3371680000000021	-4.42929	-3.2002199999999994
147	-0.3680690000000034	-4.334190000000001	-3.2002199999999994
148	-0.3989710000000006	-4.239080000000002	-3.2002199999999994
149	-0.42987300000000106	-4.143980000000001	-3.2002199999999985
150	-0.4607740000000021	-4.048869999999999	-3.2002199999999994
151	-0.49167599999999984	-3.95377	-3.2002199999999994
152	-0.5225779999999999	-3.85866	-3.20022
153	-0.5534800000000015	-3.763549999999999	-3.20022
154	-0.5843810000000019	-3.6684499999999995	-3.2002199999999994
155	-0.6152830000000014	-3.5733399999999995	-3.2002199999999994
156	-0.6461850000000026	-3.4782399999999987	-3.20022
157	-0.5652830000000026	-3.4194599999999995	-3.20022
158	-0.4843810000000001	-3.360680000000001	-3.200219999999999
159	-0.403480000000001	-3.301899999999999	-3.2002200000000007
160	-0.3225780000000014	-3.2431199999999993	-3.2002200000000003
161	-0.2416760000000021	-3.1843399999999997	-3.2002200000000003
162	-0.16077400000000053	-3.125570000000001	-3.200219999999999
163	-0.07987279999999987	-3.0667899999999992	-3.2002200000000003
164	0.0010289200000007084	-3.0080099999999996	-3.2002200000000003
165	0.08193059999999999	-2.9492299999999996	-3.2002200000000003
166	0.16283199999999862	-2.89045	-3.2002200000000007
167	0.24373399999999873	-2.8316699999999995	-3.20022
168	0.3246359999999984	-2.7729	-3.2002200000000003
169	0.4055369999999983	-2.7141200000000003	-3.20022
170	0.48643899999999823	-2.6553400000000007	-3.20022
171	0.567340999999999	-2.5965599999999998	-3.2002200000000007
172	0.6482430000000002	-2.5377799999999997	-3.2002200000000003
173	0.7291439999999995	-2.478999999999999	-3.2002200000000003
174	0.8100459999999992	-2.42022	-3.20022
175	0.890948	-2.36145	-3.20022
176	0.9718489999999982	-2.3026699999999996	-3.2002200000000003
177	1.05275	-2.24389	-3.20022
178	1.133649999999999	-2.18511	-3.2002200000000003
179	1.2145500000000002	-2.1263299999999994	-3.20022
180	1.2954599999999985	-2.0675499999999998	-3.2002200000000003
181	1.3763599999999991	-2.0087700000000015	-3.20022
182	1.4572599999999998	-1.9500000000000002	-3.20022
183	1.538159999999999	-1.8912200000000003	-3.20022
184	1.538159999999999	-1.8912200000000003	-3.20022
185	1.538159999999999	-1.8912200000000003	-3.20022
186	1.538159999999999	-1.8912200000000003	-3.20022
187	1.538159999999999	-1.8912200000000003	-3.20022
188	1.538159999999999	-1.8912200000000003	-3.20022
189	1.538159999999999	-1.8912200000000003	-3.20022
190	1.538159999999999	-1.8912200000000003	-3.20022
191	1.61906	-1.83244	-3.2002200000000003
192	1.6999600000000004	-1.773660000000001	-3.20022
193	1.78087	-1.7148800000000008	-3.2002199999999994
194	1.8617700000000004	-1.6560999999999995	-3.20022
195	1.9426699999999995	-1.5973200000000003	-3.2002199999999994
196	2.0235699999999994	-1.5385499999999999	-3.2002200000000003
197	2.104469999999999	-1.4797700000000007	-3.20022
198	2.18537	-1.42099	-3.20022
199	2.266279999999999	-1.3622100000000001	-3.2002200000000003
200	2.3471799999999994	-1.3034299999999999	-3.2002200000000007
201	2.42808	-1.2446499999999996	-3.200219999999999
202	2.42808	-1.2446499999999996	-3.200219999999999
203	2.42808	-1.2446499999999996	-3.200219999999999
204	2.508980000000001	-1.1858700000000009	-3.2002199999999994
205	2.58988	-1.1270999999999998	-3.2002200000000003
206	2.6707799999999997	-1.06832	-3.20022
207	2.751689999999998	-1.0095400000000012	-3.2002199999999994
208	2.832589999999999	-0.9507610000000011	-3.2002200000000007
209	2.91349	-0.8919819999999999	-3.20022
210	2.9943899999999988	-0.8332040000000009	-3.2002200000000003
211	3.0752899999999994	-0.7744250000000004	-3.20022
212	3.1561999999999992	-0.7156470000000007	-3.20022
213	3.1561999999999992	-0.7156470000000007	-3.20022
214	3.1561999999999992	-0.7156470000000007	-3.20022
215	3.1561999999999992	-0.7156470000000007	-3.20022
216	3.1252900000000006	-0.6205410000000013	-3.20022
217	3.1252900000000006	-0.6205410000000013	-3.20022
218	3.1252900000000006	-0.6205410000000013	-3.20022
219	3.1252900000000006	-0.6205410000000013	-3.20022
220	3.1252900000000006	-0.6205410000000013	-3.20022
221	3.1252900000000006	-0.6205410000000013	-3.20022
222	3.1252900000000006	-0.6205410000000013	-3.20022
223	3.1252900000000006	-0.6205410000000013	-3.20022
224	3.1252900000000006	-0.6205410000000013	-3.20022
225	3.1252900000000006	-0.6205410000000013	-3.20022
226	3.1252900000000006	-0.6205410000000013	-3.20022
227	3.1252900000000006	-0.6205410000000013	-3.20022
228	3.1252900000000006	-0.6205410000000013	-3.20022
229	3.1252900000000006	-0.6205410000000013	-3.20022
230	3.1252900000000006	-0.6205410000000013	-3.20022
231	3.0752899999999985	-0.6205410000000017	-3.1136100000000004
232	3.02529	-0.6205409999999995	-3.0270100000000006
233	2.9752899999999993	-0.620541000000001	-2.940410000000001
234	3.0252900000000005	-0.6205409999999995	-2.8538100000000006
235	3.07529	-0.6205410000000019	-2.7671999999999985
236	3.1252899999999997	-0.6205410000000011	-2.6806000000000005
237	3.175290000000001	-0.6205410000000016	-2.5939999999999994
238	3.2252899999999998	-0.6205410000000021	-2.5074
239	3.27529	-0.6205409999999998	-2.4207899999999998
240	3.3252899999999994	-0.6205410000000012	-2.33419
241	3.375290000000001	-0.6205410000000013	-2.24759
242	3.42529	-0.6205410000000011	-2.1609900000000004
243	3.47529	-0.6205410000000006	-2.0743799999999997
244	3.5252899999999996	-0.6205410000000013	-1.9877800000000003
245	3.575289999999999	-0.6205410000000012	-1.9011800000000008
246	3.6252899999999997	-0.6205410000000008	-1.8145800000000007
247	3.6752900000000013	-0.6205409999999996	-1.7279699999999996
248	3.7252899999999993	-0.620541000000002	-1.6413699999999998
249	3.7752900000000005	-0.6205410000000007	-1.55477
250	3.82529	-0.6205410000000006	-1.4681699999999995
251	3.7752900000000005	-0.6205410000000008	-1.3815599999999997
252	3.7252899999999998	-0.6205410000000019	-1.2949600000000003
253	3.6752900000000004	-0.6205409999999995	-1.20836
254	3.62529	-0.6205410000000009	-1.1217599999999999
255	3.57529	-0.6205410000000015	-1.0351499999999996
256	3.52529	-0.6205410000000013	-0.9485499999999994
257	3.47529	-0.6205410000000006	-0.8619479999999997
258	3.4252899999999995	-0.620541000000001	-0.7753449999999997
259	3.37529	-0.6205410000000012	-0.6887429999999999
260	3.3252899999999994	-0.6205410000000012	-0.6021400000000001
261	3.2752900000000005	-0.6205409999999999	-0.5155380000000002
262	3.2252899999999998	-0.6205410000000021	-0.42893499999999973
263	3.1752899999999995	-0.6205410000000013	-0.3423330000000001
264	3.12529	-0.6205410000000012	-0.25572999999999985
265	3.0752899999999994	-0.6205410000000018	-0.16912799999999997
266	3.0252900000000005	-0.6205409999999995	-0.08252509999999949
267	2.97529	-0.6205410000000012	0.004077480000000458
268	2.92529	-0.6205410000000002	0.09068000000000012
269	2.8752900000000006	-0.620541000000001	0.17728300000000002
270	2.82529	-0.6205409999999997	0.2638850000000003
271	2.77529	-0.6205410000000013	0.3504880000000004
272	2.72529	-0.6205410000000005	0.4370900000000003
273	2.6752900000000004	-0.6205410000000011	0.5236930000000002
274	2.62529	-0.6205410000000013	0.6102949999999998
275	2.57529	-0.6205410000000013	0.6968979999999999
276	2.525289999999999	-0.6205410000000012	0.7835000000000004
277	2.47529	-0.6205410000000016	0.8701030000000001
278	2.42529	-0.620541	0.9567050000000001
279	2.3752899999999997	-0.6205410000000011	1.04331
280	2.32529	-0.6205410000000008	1.12991
281	2.27529	-0.6205409999999999	1.21651
282	2.22529	-0.6205409999999998	1.3031200000000005
283	2.1752899999999995	-0.6205410000000007	1.3897200000000003
284	2.1752899999999995	-0.6205410000000007	1.3897200000000003
285	2.1252899999999997	-0.6205410000000006	1.47632
286	2.07529	-0.620541	1.5629200000000005
287	2.02529	-0.6205410000000001	1.6495300000000002
288	1.9752899999999995	-0.6205410000000002	1.73613
289	1.9252899999999997	-0.6205410000000012	1.82273
290	1.8752899999999995	-0.6205409999999998	1.90933
291	1.8252899999999994	-0.620541000000001	1.99594
292	1.7752900000000003	-0.6205409999999997	2.08254
293	1.7252899999999998	-0.6205409999999999	2.16914
294	1.6752899999999995	-0.6205410000000006	2.25574
295	1.6252899999999997	-0.6205410000000003	2.34235
296	1.5752899999999999	-0.6205409999999995	2.42895
297	1.5252899999999998	-0.6205410000000005	2.51555
298	1.5252899999999998	-0.6205410000000005	2.51555
299	1.5252899999999998	-0.6205410000000005	2.51555
300	1.5252899999999998	-0.6205410000000005	2.51555
301	1.5252899999999998	-0.6205410000000005	2.51555
302	1.4752900000000004	-0.6205410000000002	2.60215
303	1.4252899999999997	-0.620541000000001	2.68876
304	1.4252899999999997	-0.620541000000001	2.68876
305	1.4252899999999997	-0.620541000000001	2.68876
306	1.4252899999999997	-0.620541000000001	2.68876
307	1.4252899999999997	-0.620541000000001	2.68876
308	1.4252899999999997	-0.620541000000001	2.68876
309	1.3252899999999994	-0.6205410000000007	2.68876
310	1.2252900000000002	-0.620541000000001	2.68876
311	1.125290000000001	-0.6205410000000003	2.68876
312	1.0252900000000003	-0.6205410000000005	2.68876
313	0.9252930000000001	-0.620541	2.68876
314	0.8252930000000005	-0.6205410000000001	2.68876
315	0.7252929999999999	-0.6205410000000005	2.68876
316	0.6252929999999995	-0.6205410000000003	2.68876
317	0.5252929999999997	-0.6205409999999998	2.68876
318	0.42529300000000064	-0.6205410000000009	2.68876
319	0.3252930000000004	-0.6205410000000006	2.68876
320	0.22529300000000013	-0.6205409999999998	2.68876
321	0.1252930000000003	-0.6205410000000011	2.68876
322	0.025293499999999646	-0.6205410000000008	2.68876
323	-0.0747065000000003	-0.6205410000000002	2.68876
324	-0.1747070000000006	-0.6205410000000009	2.68876
325	-0.2747069999999999	-0.6205409999999996	2.68876
326	-0.37470700000000007	-0.6205409999999997	2.68876
327	-0.474707	-0.6205409999999998	2.68876
328	-0.524707	-0.6205409999999989	2.60215
329	-0.5747070000000001	-0.6205409999999998	2.51555
330	-0.6247070000000003	-0.6205410000000001	2.42895
331	-0.6747070000000002	-0.6205409999999997	2.34235
332	-0.7247070000000008	-0.6205410000000001	2.25574
333	-0.7747070000000005	-0.6205410000000001	2.16914
334	-0.8247070000000009	-0.6205410000000002	2.08254
335	-0.8747070000000003	-0.6205409999999998	1.99594
336	-0.9247070000000002	-0.6205409999999997	1.90933
337	-0.9747070000000001	-0.6205409999999996	1.82273
338	-1.0247100000000005	-0.6205409999999999	1.73613
339	-1.0747100000000005	-0.6205409999999999	1.64953
340	-1.12471	-0.6205409999999995	1.56292
341	-1.1747100000000004	-0.6205409999999995	1.47632
342	-1.2247100000000002	-0.6205409999999999	1.38972
343	-1.27471	-0.6205409999999996	1.3031200000000003
344	-1.3247099999999998	-0.6205409999999999	1.2165100000000002
345	-1.3747099999999999	-0.6205409999999998	1.12991
346	-1.4247100000000001	-0.6205409999999995	1.04331
347	-1.4747100000000002	-0.620541	0.9567049999999999
348	-1.5247100000000002	-0.6205409999999995	0.870103
349	-1.5747100000000003	-0.6205409999999999	0.7835000000000001
350	-1.6247100000000003	-0.620541	0.6968980000000001
351	-1.6747099999999997	-0.6205409999999996	0.6102949999999999
352	-1.72471	-0.6205409999999995	0.5236930000000001
353	-1.77471	-0.6205409999999999	0.43709000000000003
354	-1.8247100000000003	-0.6205409999999998	0.3504880000000001
355	-1.8747100000000003	-0.6205409999999992	0.26388500000000015
356	-1.92471	-0.6205409999999997	0.1772830000000003
357	-1.97471	-0.6205409999999997	0.09068000000000011
358	-2.02471	-0.6205409999999991	0.004077479999999965
359	-2.0747100000000005	-0.6205409999999995	-0.08252509999999963
360	-2.1247100000000003	-0.620540999999999	-0.16912799999999972
361	-2.17471	-0.6205409999999992	-0.25572999999999985
362	-2.22471	-0.6205409999999999	-0.3423329999999997
363	-2.2747100000000002	-0.620540999999999	-0.42893499999999984
364	-2.32471	-0.6205409999999997	-0.515538
365	-2.3747100000000003	-0.6205409999999991	-0.6021399999999996
366	-2.4247100000000006	-0.6205409999999997	-0.6887430000000002
367	-2.47471	-0.6205409999999997	-0.7753450000000001
368	-2.52471	-0.6205409999999989	-0.8619479999999997
369	-2.5747100000000005	-0.620540999999999	-0.9485499999999999
370	-2.62471	-0.6205409999999999	-1.03515
371	-2.67471	-0.620540999999999	-1.12176
372	-2.7247100000000004	-0.6205409999999997	-1.2083600000000003
373	-2.7747100000000002	-0.6205409999999999	-1.2949599999999999
374	-2.8247099999999996	-0.6205409999999996	-1.3815600000000001
375	-2.87471	-0.6205409999999991	-1.4681700000000006
376	-2.82471	-0.6205409999999996	-1.55477
377	-2.7747099999999993	-0.6205409999999998	-1.6413700000000007
378	-2.7247100000000004	-0.6205409999999997	-1.7279700000000002
379	-2.67471	-0.620540999999999	-1.8145800000000005
380	-2.6247100000000003	-0.620541	-1.90118
381	-2.57471	-0.6205409999999989	-1.98778
382	-2.52471	-0.6205409999999989	-2.0743800000000006
383	-2.47471	-0.6205409999999997	-2.1609900000000004
384	-2.424710000000001	-0.6205409999999998	-2.24759
385	-2.37471	-0.620540999999999	-2.33419
386	-2.3247100000000005	-0.6205409999999998	-2.4207899999999998
387	-2.2747100000000002	-0.620540999999999	-2.5074
388	-2.2247100000000004	-0.6205409999999999	-2.594
389	-2.1747100000000006	-0.6205409999999993	-2.6806000000000005
390	-2.124710000000001	-0.6205409999999993	-2.7672
391	-2.07471	-0.6205409999999995	-2.8538100000000006
392	-2.02471	-0.6205409999999991	-2.9404100000000004
393	-1.974710000000001	-0.6205410000000001	-3.0270099999999998
394	-1.9247100000000008	-0.620541	-3.1136099999999995
395	-1.8747099999999994	-0.620540999999999	-3.2002200000000003
396	-1.8247100000000003	-0.6205409999999998	-3.28682
397	-1.7747099999999998	-0.6205409999999998	-3.37342
398	-1.7247100000000004	-0.6205409999999997	-3.4600199999999997
399	-1.6747099999999995	-0.6205409999999996	-3.54663
400	-1.6247100000000014	-0.6205410000000003	-3.6332299999999997
401	-1.5747099999999994	-0.6205409999999996	-3.71983
402	-1.5247100000000018	-0.620541	-3.80643
403	-1.4747099999999989	-0.6205409999999996	-3.89304
404	-1.4747099999999989	-0.6205409999999996	-3.89304
405	-1.4747099999999989	-0.6205409999999996	-3.89304
406	-1.4747099999999989	-0.6205409999999996	-3.89304
407	-1.4747099999999989	-0.6205409999999996	-3.89304
408	-1.3937999999999995	-0.561762999999999	-3.8930400000000005
409	-1.3129	-0.5029839999999995	-3.89304
410	-1.2319999999999989	-0.44420599999999943	-3.89304
411	-1.1511000000000013	-0.385427	-3.89304
412	-1.0701999999999996	-0.32664899999999947	-3.89304
413	-0.9892960000000002	-0.2678699999999996	-3.89304
414	-0.908395000000002	-0.20909100000000003	-3.89304
415	-0.8274929999999979	-0.15031299999999942	-3.89304
416	-0.746591000000001	-0.09153439999999982	-3.89304
417	-0.6656899999999998	-0.032755899999999685	-3.89304
418	-0.5847879999999999	0.026022599999999976	-3.89304
419	-0.5038860000000007	0.08480120000000008	-3.89304
420	-0.4229840000000013	0.14358000000000035	-3.89304
421	-0.3420830000000022	0.2023580000000013	-3.89304
422	-0.3420830000000022	0.2023580000000013	-3.89304
423	-0.3420830000000022	0.2023580000000013	-3.89304
424	-0.3420830000000022	0.2023580000000013	-3.89304
425	-0.3420830000000022	0.2023580000000013	-3.89304
426	-0.3420830000000022	0.2023580000000013	-3.89304
427	-0.3420830000000022	0.2023580000000013	-3.89304
428	-0.3420830000000022	0.2023580000000013	-3.89304
429	-0.3420830000000022	0.2023580000000013	-3.89304
430	-0.3420830000000022	0.2023580000000013	-3.89304
431	-0.3420830000000022	0.2023580000000013	-3.89304
432	-0.3420830000000022	0.2023580000000013	-3.89304
433	-0.29208299999999604	0.20235799999999715	-3.80643
434	-0.24208299999999808	0.20235799999999834	-3.71983
435	-0.19208299999999717	0.20235799999999707	-3.63323
436	-0.14208300000000054	0.20235800000000081	-3.54663
437	-0.09208269999999823	0.20235799999999604	-3.46002
438	-0.04208270000000014	0.20235800000000065	-3.37342
439	0.007917290000000193	0.20235800000000487	-3.28682
440	0.05791729999999883	0.20235799999999596	-3.20022
441	0.10791700000000108	0.20235800000000204	-3.11361
442	0.1579170000000002	0.20235800000000023	-3.02701
443	0.2079169999999994	0.20235799999999945	-2.94041
444	0.257917000000001	0.20235800000000076	-2.85381
445	0.3079170000000015	0.20235800000000095	-2.7672
446	0.3579170000000011	0.20235800000000068	-2.6806
447	0.40791700000000003	0.20235800000000007	-2.594
448	0.457917	0.20235799999999998	-2.5074
449	0.507917	0.20235800000000004	-2.42079
450	0.5579170000000003	0.20235800000000015	-2.33419
451	0.6079169999999999	0.20235799999999993	-2.24759
452	0.6579170000000001	0.20235800000000004	-2.16099
453	0.7079170000000012	0.20235800000000034	-2.0743799999999997
454	0.7579169999999997	0.20235799999999998	-1.98778
455	0.8079170000000006	0.20235800000000015	-1.9011799999999999
456	0.8579169999999995	0.20235799999999984	-1.81458
457	0.9079169999999996	0.20235799999999995	-1.72797
458	0.9079169999999996	0.20235799999999995	-1.72797
459	0.9079169999999996	0.20235799999999995	-1.72797
460	0.9079169999999996	0.20235799999999995	-1.72797
461	0.9079169999999996	0.20235799999999995	-1.72797
462	0.9079169999999996	0.20235799999999995	-1.72797
463	0.8579169999999997	0.2023579999999999	-1.64137
464	0.8079170000000001	0.20235800000000004	-1.55477
465	0.7579170000000001	0.2023580000000001	-1.46817
466	0.7079170000000002	0.2023580000000001	-1.38156
467	0.6579169999999999	0.202358	-1.29496
468	0.607917	0.20235799999999995	-1.20836
469	0.557917	0.20235800000000004	-1.12176
470	0.5079170000000001	0.20235800000000004	-1.03515
471	0.45791700000000024	0.2023580000000001	-0.9485499999999999
# Source found
