# movement simulation of the cell with previously learnt neural network
# init_distance = 12
# rate = 1
# diffusion = 1
# seed = 1
# cutoff = 20
# init_pos = -10.660940662005228	4.80081729170772	-2.7012029788306466
# particlenum = 100
# max_particles = 100000
# filename of neural network = Total_mlp1
100	-10.660900000000002	4.80082	-2.701199999999999
101	-10.660900000000002	4.80082	-2.701199999999999
102	-10.660900000000002	4.80082	-2.701199999999999
103	-10.660900000000002	4.80082	-2.701199999999999
104	-10.660900000000002	4.80082	-2.701199999999999
105	-10.660900000000002	4.80082	-2.701199999999999
106	-10.660900000000002	4.80082	-2.701199999999999
107	-10.6109	4.800820000000002	-2.7878099999999977
108	-10.5609	4.80082	-2.8744100000000006
109	-10.510900000000001	4.800819999999999	-2.961009999999998
110	-10.4609	4.800819999999999	-3.047609999999998
111	-10.410900000000002	4.800819999999997	-3.1342200000000005
112	-10.3609	4.800820000000002	-3.220819999999999
113	-10.3109	4.800819999999997	-3.307419999999999
114	-10.2609	4.800819999999998	-3.394019999999999
115	-10.2109	4.800819999999998	-3.4806299999999992
116	-10.2109	4.800819999999998	-3.4806299999999992
117	-10.13	4.859599999999999	-3.48063
118	-10.13	4.859599999999999	-3.48063
119	-10.13	4.859599999999999	-3.48063
120	-10.08	4.859600000000002	-3.5672300000000003
121	-10.03	4.859600000000001	-3.6538299999999997
122	-10.03	4.859600000000001	-3.6538299999999997
123	-10.03	4.859600000000001	-3.6538299999999997
124	-10.03	4.859600000000001	-3.6538299999999997
125	-10.03	4.859600000000001	-3.6538299999999997
126	-10.03	4.859600000000001	-3.6538299999999997
127	-10.03	4.859600000000001	-3.6538299999999997
128	-10.03	4.859600000000001	-3.6538299999999997
129	-10.03	4.859600000000001	-3.6538299999999997
130	-10.03	4.859600000000001	-3.6538299999999997
131	-10.03	4.859600000000001	-3.6538299999999997
132	-10.03	4.859600000000001	-3.6538299999999997
133	-10.03	4.859600000000001	-3.6538299999999997
134	-10.03	4.859600000000001	-3.6538299999999997
135	-10.03	4.859600000000001	-3.6538299999999997
136	-10.03	4.859600000000001	-3.6538299999999997
137	-10.03	4.859600000000001	-3.6538299999999997
138	-10.03	4.859600000000001	-3.6538299999999997
139	-10.03	4.859600000000001	-3.6538299999999997
140	-10.03	4.859600000000001	-3.6538299999999997
141	-10.03	4.859600000000001	-3.6538299999999997
142	-10.03	4.859600000000001	-3.6538299999999997
143	-10.03	4.859600000000001	-3.6538299999999997
144	-10.060900000000002	4.7644899999999994	-3.6538299999999997
145	-10.0918	4.669379999999999	-3.653830000000001
146	-10.0918	4.669379999999999	-3.653830000000001
147	-10.0918	4.669379999999999	-3.653830000000001
148	-10.0918	4.669379999999999	-3.653830000000001
149	-10.0918	4.669379999999999	-3.653830000000001
150	-10.0918	4.669379999999999	-3.653830000000001
151	-10.0918	4.669379999999999	-3.653830000000001
152	-10.0918	4.669379999999999	-3.653830000000001
153	-10.0918	4.669379999999999	-3.653830000000001
154	-10.0918	4.669379999999999	-3.653830000000001
155	-10.141800000000002	4.6693799999999985	-3.56723
156	-10.191800000000002	4.66938	-3.4806299999999983
157	-10.241800000000001	4.6693799999999985	-3.39402
158	-10.291800000000002	4.669380000000001	-3.307419999999998
159	-10.3418	4.669380000000001	-3.2208200000000002
160	-10.391800000000002	4.669379999999999	-3.1342199999999987
161	-10.4418	4.669380000000001	-3.047609999999999
162	-10.4918	4.66938	-2.961009999999998
163	-10.541800000000002	4.66938	-2.87441
164	-10.5918	4.6693799999999985	-2.7878099999999995
165	-10.6418	4.669380000000001	-2.7011999999999983
166	-10.691800000000002	4.6693799999999985	-2.6145999999999994
167	-10.7418	4.669379999999998	-2.528
168	-10.7918	4.669379999999999	-2.441399999999998
169	-10.8418	4.66938	-2.354789999999999
170	-10.8918	4.669380000000002	-2.268189999999998
171	-10.941800000000002	4.6693799999999985	-2.1815899999999995
172	-10.8918	4.669380000000001	-2.0949900000000006
173	-10.841800000000001	4.66938	-2.008379999999998
174	-10.7918	4.669379999999999	-1.9217800000000003
175	-10.741800000000001	4.669379999999999	-1.8351800000000005
176	-10.691800000000002	4.669379999999999	-1.7485799999999985
177	-10.6418	4.669380000000001	-1.6619699999999986
178	-10.591800000000001	4.6693799999999985	-1.57537
179	-10.5418	4.669379999999999	-1.4887700000000004
180	-10.4918	4.669379999999999	-1.4021599999999987
181	-10.441799999999999	4.669380000000001	-1.3155600000000007
182	-10.3918	4.6693799999999985	-1.22896
183	-10.3418	4.669380000000001	-1.1423599999999983
184	-10.2918	4.669380000000001	-1.0557499999999984
185	-10.241800000000001	4.6693799999999985	-0.9691519999999983
186	-10.1918	4.6693799999999985	-0.8825499999999986
187	-10.141800000000002	4.669379999999999	-0.7959470000000005
188	-10.0918	4.669379999999999	-0.7093449999999994
189	-10.0418	4.6693799999999985	-0.6227419999999994
190	-9.991840000000002	4.6693799999999985	-0.5361389999999987
191	-9.94184	4.669379999999998	-0.44953699999999847
192	-9.89184	4.6693799999999985	-0.3629339999999982
193	-9.841840000000001	4.6693799999999985	-0.27633199999999947
194	-9.791839999999999	4.669380000000001	-0.1897289999999992
195	-9.74184	4.669379999999999	-0.10312699999999832
196	-9.691839999999997	4.669380000000002	-0.0165241999999999
197	-9.641840000000002	4.6693799999999985	0.07007830000000159
198	-9.59184	4.669380000000001	0.15668100000000101
199	-9.54184	4.669380000000001	0.2432830000000006
200	-9.49184	4.66938	0.32988600000000107
201	-9.44184	4.66938	0.41648799999999997
202	-9.391840000000002	4.669380000000003	0.5030910000000014
203	-9.341840000000001	4.66938	0.5896940000000008
204	-9.291840000000002	4.6693799999999985	0.6762960000000002
205	-9.24184	4.669380000000001	0.7628990000000009
206	-9.29184	4.6693799999999985	0.8495010000000013
207	-9.341840000000001	4.66938	0.9361040000000005
208	-9.391839999999998	4.669380000000002	1.022710000000001
209	-9.441839999999997	4.66938	1.1093100000000014
210	-9.49184	4.66938	1.1959100000000007
211	-9.54184	4.669380000000001	1.2825100000000003
212	-9.59184	4.669380000000002	1.3691200000000014
213	-9.641840000000002	4.669379999999999	1.4557200000000017
214	-9.59184	4.669380000000002	1.542320000000001
215	-9.54184	4.66938	1.6289200000000001
216	-9.49184	4.669379999999999	1.7155299999999993
217	-9.44184	4.669380000000001	1.8021300000000011
218	-9.39184	4.669380000000003	1.8887300000000011
219	-9.34184	4.669379999999999	1.9753299999999996
220	-9.29184	4.6693799999999985	2.0619400000000003
221	-9.24184	4.669380000000001	2.14854
222	-9.19184	4.669379999999999	2.2351400000000012
223	-9.14184	4.669380000000002	2.321740000000001
224	-9.09184	4.66938	2.40835
225	-9.04184	4.669379999999999	2.4949500000000002
226	-8.991839999999998	4.66938	2.5815500000000013
227	-8.94184	4.66938	2.6681500000000002
228	-8.891839999999998	4.669380000000002	2.7547600000000005
229	-8.84184	4.669380000000002	2.8413600000000003
230	-8.791840000000002	4.6693799999999985	2.927960000000001
231	-8.74184	4.669379999999999	3.014560000000001
232	-8.69184	4.6693799999999985	3.101170000000002
233	-8.641840000000002	4.669379999999999	3.1877700000000013
234	-8.591840000000001	4.6693799999999985	3.2743700000000007
235	-8.541840000000002	4.669379999999999	3.36097
236	-8.491840000000002	4.669379999999999	3.4475800000000003
237	-8.44184	4.66938	3.5341800000000014
238	-8.39184	4.669379999999999	3.6207800000000008
239	-8.341840000000001	4.66938	3.70739
240	-8.29184	4.66938	3.793990000000001
241	-8.24184	4.669380000000001	3.8805900000000015
242	-8.19184	4.669380000000001	3.96719
243	-8.14184	4.669380000000001	4.053800000000001
244	-8.09184	4.66938	4.140399999999999
245	-8.041840000000002	4.6693799999999985	4.227
246	-7.991839999999998	4.669380000000002	4.313599999999999
247	-7.94184	4.669379999999999	4.40021
248	-7.891840000000001	4.66938	4.486810000000001
249	-7.84184	4.6693799999999985	4.57341
250	-7.79184	4.669379999999999	4.660010000000001
251	-7.741839999999999	4.669380000000001	4.74662
252	-7.691840000000002	4.669379999999999	4.833219999999999
253	-7.64184	4.669380000000001	4.919819999999999
254	-7.59184	4.669379999999999	5.00642
255	-7.54184	4.669379999999999	5.09303
256	-7.46094	4.610610000000002	5.09303
257	-7.380040000000001	4.55183	5.0930300000000015
258	-7.29914	4.493050000000002	5.0930300000000015
259	-7.218239999999999	4.434269999999999	5.093030000000001
260	-7.1373299999999995	4.375489999999998	5.09303
261	-7.056429999999998	4.31671	5.09303
262	-6.975529999999999	4.257929999999999	5.093030000000001
263	-6.8946299999999985	4.316709999999999	5.093030000000001
264	-6.813729999999999	4.37549	5.09303
265	-6.732829999999999	4.434270000000001	5.09303
266	-6.651919999999999	4.493049999999999	5.093030000000001
267	-6.571019999999998	4.55183	5.093030000000001
268	-6.490119999999999	4.61061	5.09303
269	-6.40922	4.669380000000001	5.093030000000001
270	-6.328319999999999	4.72816	5.093030000000001
271	-6.247419999999999	4.786940000000001	5.093030000000001
272	-6.166509999999998	4.845719999999999	5.0930300000000015
273	-6.08561	4.904499999999999	5.093030000000001
274	-6.00471	4.96328	5.093030000000001
275	-6.00471	4.96328	5.093030000000001
276	-6.00471	4.96328	5.093030000000001
277	-6.00471	4.96328	5.093030000000001
278	-6.00471	4.96328	5.093030000000001
279	-6.00471	4.96328	5.093030000000001
280	-6.00471	4.96328	5.093030000000001
281	-6.00471	4.96328	5.093030000000001
282	-6.00471	4.96328	5.093030000000001
283	-5.923809999999997	5.022059999999999	5.09303
284	-5.84291	5.080829999999998	5.093030000000001
285	-5.762	5.139610000000002	5.093029999999999
286	-5.681099999999999	5.19839	5.09303
287	-5.600199999999999	5.257169999999999	5.093030000000001
288	-5.600199999999999	5.257169999999999	5.093030000000001
289	-5.5502	5.25717	5.00642
290	-5.5502	5.25717	5.00642
291	-5.5502	5.25717	5.00642
292	-5.5502	5.25717	5.00642
293	-5.5502	5.25717	5.00642
294	-5.5502	5.25717	5.00642
295	-5.469299999999999	5.315950000000001	5.00642
296	-5.3884	5.374729999999999	5.00642
297	-5.3075	5.43351	5.00642
298	-5.226589999999998	5.492279999999999	5.00642
299	-5.145690000000001	5.5510600000000005	5.00642
300	-5.06479	5.60984	5.006420000000001
301	-4.983890000000001	5.66862	5.006420000000001
302	-4.90299	5.727400000000002	5.00642
303	-4.822090000000001	5.786179999999999	5.00642
304	-4.74118	5.844960000000001	5.00642
305	-4.660279999999999	5.903730000000001	5.00642
306	-4.579379999999997	5.96251	5.006420000000001
307	-4.498480000000001	6.021289999999999	5.00642
308	-4.417580000000001	6.080069999999999	5.006420000000001
309	-4.3366799999999985	6.13885	5.006420000000001
310	-4.25577	6.197630000000001	5.006420000000002
311	-4.17487	6.256399999999999	5.00642
312	-4.093969999999999	6.315179999999999	5.00642
313	-4.01307	6.37396	5.00642
314	-3.9321699999999993	6.432740000000001	5.00642
315	-3.8512700000000004	6.4915199999999995	5.006420000000001
316	-3.7703600000000006	6.5503	5.00642
317	-3.6894600000000004	6.609079999999998	5.006420000000001
318	-3.6085599999999998	6.6678500000000005	5.006420000000001
319	-3.5276599999999996	6.726629999999999	5.00642
320	-3.4467600000000003	6.7854100000000015	5.00642
321	-3.4467600000000003	6.7854100000000015	5.00642
322	-3.4467600000000003	6.7854100000000015	5.00642
323	-3.36586	6.844189999999998	5.00642
324	-3.284950000000001	6.902969999999998	5.00642
325	-3.2040499999999996	6.9617499999999986	5.006420000000002
326	-3.123149999999999	7.02053	5.006420000000001
327	-3.0422500000000006	7.079300000000001	5.006420000000001
328	-2.9613499999999995	7.13808	5.00642
329	-2.88045	7.196859999999999	5.00642
330	-2.79954	7.255640000000001	5.00642
331	-2.7186399999999997	7.31442	5.006420000000001
332	-2.6377399999999995	7.373200000000001	5.00642
333	-2.55684	7.431980000000001	5.006420000000001
334	-2.475940000000001	7.490750000000001	5.00642
335	-2.395039999999999	7.54953	5.006419999999999
336	-2.314129999999999	7.608310000000001	5.006420000000001
337	-2.2332300000000007	7.667090000000001	5.00642
338	-2.152330000000001	7.72587	5.00642
339	-2.071429999999999	7.784650000000001	5.006420000000001
340	-1.9905299999999992	7.843419999999999	5.00642
341	-1.9096299999999997	7.902199999999999	5.00642
342	-1.8287199999999992	7.960980000000001	5.00642
343	-1.7478199999999997	8.01976	5.006420000000001
344	-1.6669200000000004	8.07854	5.006420000000001
345	-1.58602	8.137319999999999	5.006420000000002
346	-1.5051199999999998	8.1961	5.00642
347	-1.424209999999999	8.25487	5.006420000000001
348	-1.3433100000000011	8.31365	5.006420000000001
349	-1.2624099999999994	8.37243	5.00642
350	-1.18151	8.43121	5.00642
351	-1.1006099999999994	8.489990000000002	5.006420000000001
352	-1.0197099999999995	8.548769999999998	5.006420000000001
353	-0.9388050000000007	8.607549999999998	5.006420000000002
354	-0.8579029999999999	8.66632	5.00642
355	-0.7770010000000006	8.725099999999998	5.00642
356	-0.6961	8.78388	5.006420000000001
357	-0.6151980000000006	8.84266	5.00642
358	-0.5342960000000009	8.901439999999997	5.006420000000001
359	-0.4533949999999993	8.96022	5.006420000000002
360	-0.3724929999999992	9.019	5.006420000000001
361	-0.2915910000000001	9.077769999999997	5.00642
362	-0.21068899999999902	9.13655	5.006420000000001
363	-0.12978799999999985	9.19533	5.00642
364	-0.048886000000000165	9.25411	5.00642
365	0.03201570000000015	9.31289	5.00642
366	0.11291700000000086	9.37167	5.006419999999999
367	0.1938189999999998	9.43045	5.00642
368	0.274721000000001	9.48922	5.00642
369	0.3556219999999997	9.548	5.006420000000001
370	0.43652400000000063	9.60678	5.006420000000001
371	0.5174259999999998	9.66556	5.00642
372	0.5983280000000001	9.72434	5.006419999999999
373	0.679228999999999	9.78312	5.00642
374	0.7601310000000004	9.84189	5.006419999999999
375	0.841033000000001	9.90067	5.006419999999999
376	0.9219339999999995	9.95945	5.006420000000001
377	1.0028399999999993	10.018199999999998	5.00642
378	1.083739999999999	10.077	5.00642
379	1.1646399999999997	10.135799999999998	5.006419999999999
380	1.2455400000000012	10.194600000000001	5.006420000000001
381	1.3264399999999992	10.2533	5.0064199999999985
382	1.40734	10.312100000000001	5.00642
383	1.4882499999999996	10.3709	5.006420000000001
384	1.5691500000000007	10.429699999999999	5.006420000000001
385	1.6500499999999998	10.488499999999998	5.00642
386	1.7309500000000002	10.5472	5.00642
387	1.8118499999999995	10.606	5.006419999999999
388	1.8927500000000002	10.664799999999998	5.00642
389	1.973659999999999	10.723599999999998	5.0064199999999985
390	2.0545600000000013	10.782400000000003	5.006419999999999
391	2.1354599999999997	10.841100000000003	5.0064199999999985
392	2.2163600000000003	10.899900000000002	5.006419999999999
393	2.297260000000001	10.958699999999999	5.006420000000002
394	2.3781599999999994	11.0175	5.00642
395	2.45907	11.0762	5.006420000000001
396	2.539969999999999	11.135000000000002	5.00642
397	2.6208699999999996	11.1938	5.006420000000001
398	2.701769999999999	11.2526	5.006420000000001
399	2.7826699999999995	11.3114	5.006420000000001
400	2.8635799999999993	11.3701	5.00642
401	2.944479999999999	11.4289	5.006420000000001
402	3.02538	11.4877	5.00642
403	3.106280000000001	11.546499999999998	5.00642
404	3.1871800000000006	11.6053	5.006420000000001
405	3.26808	11.664	5.006420000000002
406	3.3489899999999992	11.7228	5.006420000000001
407	3.429889999999999	11.7816	5.006419999999999
408	3.5107899999999987	11.8404	5.006420000000001
409	3.59169	11.8991	5.00642
410	3.6725899999999996	11.957899999999999	5.006420000000001
411	3.7534900000000007	12.016700000000002	5.00642
412	3.834400000000001	12.0755	5.006420000000001
413	3.9153000000000007	12.134299999999998	5.006420000000002
414	3.9962	12.193	5.006420000000001
415	4.077100000000001	12.251800000000001	5.00642
416	4.1579999999999995	12.3106	5.006420000000002
417	4.238899999999998	12.3694	5.00642
418	4.31981	12.4281	5.006420000000003
419	4.40071	12.4869	5.006419999999999
420	4.481610000000001	12.5457	5.00642
421	4.562509999999998	12.6045	5.006420000000001
422	4.643409999999999	12.663299999999998	5.006420000000002
423	4.693409999999999	12.6633	5.0930300000000015
424	4.743410000000001	12.6633	5.17963
425	4.79341	12.6633	5.266230000000002
426	4.843410000000001	12.6633	5.352829999999999
427	4.893409999999999	12.6633	5.439440000000001
428	4.943409999999999	12.663299999999998	5.526040000000003
429	4.99341	12.6633	5.61264
430	5.043409999999999	12.6633	5.699240000000001
431	5.043409999999999	12.6633	5.699240000000001
432	5.043409999999999	12.6633	5.699240000000001
433	5.043409999999999	12.6633	5.699240000000001
434	5.043409999999999	12.6633	5.699240000000001
435	5.043409999999999	12.6633	5.699240000000001
436	5.043409999999999	12.6633	5.699240000000001
437	5.09341	12.663299999999998	5.785850000000001
438	5.143410000000001	12.663299999999998	5.87245
439	5.193410000000001	12.6633	5.959050000000002
440	5.193410000000001	12.6633	5.959050000000002
441	5.243410000000001	12.663300000000001	6.04565
442	5.293410000000001	12.663299999999998	6.13226
443	5.37431	12.722	6.1322600000000005
444	5.4552200000000015	12.7808	6.1322600000000005
445	5.536120000000001	12.839600000000003	6.1322600000000005
446	5.61702	12.898399999999999	6.13226
447	5.697920000000001	12.957199999999998	6.132260000000001
448	5.778819999999999	13.015899999999998	6.1322600000000005
449	5.778819999999999	13.015899999999998	6.1322600000000005
450	5.778819999999999	13.015899999999998	6.1322600000000005
451	5.778819999999999	13.015899999999998	6.1322600000000005
452	5.747919999999999	13.111	6.1322600000000005
453	5.71702	13.206099999999998	6.13226
454	5.686120000000001	13.3013	6.1322600000000005
455	5.655220000000001	13.3964	6.1322600000000005
456	5.624310000000001	13.4915	6.132260000000001
457	5.624310000000001	13.4915	6.132260000000001
458	5.624310000000001	13.4915	6.132260000000001
459	5.624310000000001	13.4915	6.132260000000001
460	5.624310000000001	13.4915	6.132260000000001
461	5.59341	13.586600000000002	6.13226
462	5.56251	13.6817	6.132260000000001
463	5.53161	13.7768	6.1322600000000005
464	5.500709999999998	13.871899999999998	6.1322600000000005
465	5.469809999999999	13.967	6.1322600000000005
466	5.438900000000002	14.062100000000001	6.132259999999999
467	5.408000000000001	14.1572	6.132260000000002
468	5.3770999999999995	14.2523	6.132260000000001
469	5.346199999999999	14.347399999999997	6.132260000000002
470	5.315300000000001	14.442499999999999	6.132260000000002
471	5.2844000000000015	14.5376	6.132260000000001
472	5.253489999999999	14.632700000000002	6.132260000000001
473	5.22259	14.7278	6.132260000000001
474	5.191690000000002	14.822900000000002	6.13226
475	5.160790000000001	14.918	6.1322600000000005
476	5.12989	15.0132	6.132259999999999
477	5.12989	15.0132	6.132259999999999
478	5.12989	15.0132	6.132259999999999
479	5.12989	15.0132	6.132259999999999
480	5.12989	15.0132	6.132259999999999
481	5.12989	15.0132	6.132259999999999
482	5.12989	15.0132	6.132259999999999
483	5.12989	15.0132	6.132259999999999
484	5.12989	15.0132	6.132259999999999
485	5.12989	15.0132	6.132259999999999
486	5.12989	15.0132	6.132259999999999
487	5.029889999999999	15.013200000000003	6.132259999999999
488	4.929889999999999	15.013199999999998	6.1322600000000005
489	4.829890000000002	15.013200000000001	6.1322600000000005
490	4.72989	15.0132	6.1322600000000005
491	4.6298900000000005	15.013200000000001	6.1322600000000005
492	4.529890000000001	15.013199999999998	6.132260000000002
493	4.429890000000001	15.013199999999996	6.13226
494	4.429890000000001	15.013199999999996	6.13226
495	4.429890000000001	15.013199999999996	6.13226
496	4.429890000000001	15.013199999999996	6.13226
497	4.429890000000001	15.013199999999996	6.13226
498	4.429890000000001	15.013199999999996	6.13226
499	4.429890000000001	15.013199999999996	6.13226
500	4.429890000000001	15.013199999999996	6.13226
501	4.429890000000001	15.013199999999996	6.13226
502	4.429890000000001	15.013199999999996	6.13226
503	4.429890000000001	15.013199999999996	6.13226
504	4.429890000000001	15.013199999999996	6.13226
505	4.329890000000002	15.0132	6.132260000000001
506	4.229889999999998	15.0132	6.13226
507	4.129889999999998	15.013200000000001	6.13226
508	4.029889999999998	15.013200000000001	6.1322600000000005
509	3.92989	15.013200000000003	6.132259999999999
510	3.829889999999999	15.0132	6.13226
511	3.7298899999999997	15.013200000000001	6.13226
512	3.629890000000002	15.013199999999998	6.132260000000002
513	3.5298900000000004	15.0132	6.132260000000001
514	3.4298900000000008	15.0132	6.13226
515	3.329889999999999	15.013199999999998	6.132260000000001
516	3.2298899999999997	15.0132	6.13226
517	3.1989899999999984	14.918000000000001	6.1322600000000005
518	3.09899	14.917999999999997	6.1322600000000005
519	2.998990000000001	14.918	6.13226
520	2.9680799999999987	14.822899999999999	6.1322600000000005
521	2.937179999999998	14.727800000000002	6.132260000000001
522	2.9062799999999998	14.632700000000002	6.132260000000002
523	2.8753799999999994	14.537600000000001	6.132260000000001
524	2.8444800000000003	14.4425	6.132260000000001
525	2.8135799999999986	14.3474	6.1322600000000005
526	2.7826700000000013	14.2523	6.132259999999999
527	2.751769999999999	14.1572	6.132259999999999
528	2.7208699999999992	14.0621	6.132260000000001
529	2.6899700000000006	13.966999999999997	6.13226
530	2.6590699999999985	13.871899999999997	6.1322600000000005
531	2.6281599999999985	13.776800000000001	6.13226
532	2.597260000000001	13.681700000000001	6.13226
533	2.56636	13.5866	6.132259999999999
534	2.535459999999999	13.4915	6.132259999999999
535	2.50456	13.3964	6.132259999999999
536	2.473660000000001	13.3013	6.132259999999999
537	2.4427500000000006	13.2061	6.132259999999999
538	2.411849999999999	13.111000000000002	6.1322600000000005
539	2.3809499999999995	13.015899999999998	6.132259999999999
540	2.3809499999999995	13.015899999999998	6.132259999999999
541	2.3500499999999995	12.920800000000002	6.1322600000000005
542	2.319149999999999	12.8257	6.13226
543	2.2882499999999997	12.7306	6.132259999999999
544	2.2573399999999997	12.6355	6.132259999999999
545	2.226439999999999	12.540399999999998	6.132259999999999
546	2.1955399999999985	12.445299999999998	6.13226
547	2.1646399999999995	12.3502	6.1322600000000005
548	2.133739999999999	12.255099999999999	6.132260000000001
549	2.1028400000000005	12.159999999999998	6.1322600000000005
550	2.071929999999999	12.064899999999998	6.13226
551	2.0410300000000006	11.9698	6.1322600000000005
552	2.01013	11.8747	6.1322600000000005
553	1.9792300000000005	11.7796	6.132259999999999
554	1.948330000000001	11.6845	6.1322600000000005
555	1.91743	11.589400000000001	6.13226
556	1.8865199999999995	11.4942	6.13226
557	1.8556199999999998	11.399099999999999	6.13226
558	1.8247199999999992	11.304	6.132259999999998
559	1.7938199999999997	11.2089	6.13226
560	1.7629200000000005	11.113799999999998	6.132259999999999
561	1.7320199999999997	11.0187	6.132259999999999
562	1.7011099999999986	10.9236	6.132260000000001
563	1.67021	10.828499999999998	6.132260000000001
564	1.6393100000000005	10.7334	6.13226
565	1.6084099999999992	10.6383	6.132260000000001
566	1.5775099999999995	10.5432	6.132259999999999
567	1.54661	10.4481	6.132260000000001
568	1.5157000000000007	10.353	6.1322600000000005
569	1.4847999999999988	10.2579	6.1322600000000005
570	1.4539000000000006	10.162799999999999	6.13226
571	1.4229999999999994	10.0677	6.1322600000000005
572	1.392099999999999	9.972550000000002	6.13226
573	1.3611999999999997	9.87745	6.13226
574	1.330289999999999	9.782340000000001	6.13226
575	1.29939	9.68724	6.1322600000000005
576	1.2684899999999995	9.592129999999997	6.1322600000000005
577	1.23759	9.49703	6.13226
578	1.2066899999999992	9.40192	6.1322600000000005
579	1.1757900000000006	9.306809999999999	6.1322600000000005
580	1.1448800000000006	9.21171	6.13226
581	1.1139799999999993	9.116599999999998	6.132260000000001
582	1.0830799999999994	9.0215	6.13226
583	1.0521799999999997	8.926389999999998	6.132260000000001
584	1.0212800000000004	8.83129	6.1322600000000005
585	0.9903749999999989	8.736179999999997	6.13226
586	0.9594729999999994	8.64108	6.13226
587	0.928572	8.545969999999999	6.13226
588	0.8976700000000006	8.45086	6.132259999999999
589	0.8667680000000009	8.35576	6.13226
590	0.8358660000000003	8.260649999999998	6.1322600000000005
591	0.8049650000000009	8.165550000000001	6.13226
592	0.7740629999999993	8.070440000000001	6.13226
593	0.7431610000000002	7.97534	6.1322600000000005
594	0.7122600000000008	7.880230000000001	6.13226
595	0.6813579999999998	7.78512	6.13226
596	0.6504560000000004	7.690019999999999	6.13226
597	0.6195549999999992	7.594909999999999	6.13226
598	0.5886530000000001	7.499810000000002	6.1322600000000005
599	0.5577510000000008	7.4047	6.13226
600	0.5268489999999998	7.3096000000000005	6.132259999999999
601	0.4959480000000008	7.2144900000000005	6.13226
602	0.4650459999999998	7.1193800000000005	6.132259999999999
603	0.4341439999999996	7.024279999999999	6.13226
604	0.4032429999999999	6.92917	6.1322600000000005
605	0.3723410000000001	6.83407	6.13226
606	0.341439	6.73896	6.1322600000000005
607	0.3105380000000006	6.643860000000002	6.13226
608	0.2796360000000003	6.548750000000002	6.13226
609	0.24873400000000048	6.45365	6.13226
610	0.21783199999999978	6.358539999999999	6.1322600000000005
611	0.18693099999999974	6.26343	6.13226
612	0.15602899999999986	6.168329999999999	6.1322600000000005
613	0.12512699999999966	6.073220000000002	6.13226
614	0.09422559999999942	5.9781200000000005	6.1322600000000005
615	0.06332389999999949	5.88301	6.13226
616	0.03242220000000057	5.78791	6.13226
617	0.001520519999999908	5.6928	6.13226
618	0.001520519999999908	5.6928	6.13226
619	-0.029381199999999576	5.597690000000002	6.132259999999999
620	-0.06028289999999962	5.502589999999999	6.13226
621	-0.0911846000000005	5.407480000000002	6.13226
622	-0.12208600000000043	5.312380000000001	6.13226
623	-0.15298799999999987	5.21727	6.13226
624	-0.18388999999999991	5.122170000000001	6.13226
625	-0.21479100000000043	5.027059999999999	6.13226
626	-0.2456929999999998	4.93195	6.13226
627	-0.2765950000000005	4.83685	6.13226
628	-0.30749599999999966	4.741740000000001	6.13226
629	-0.3383979999999998	4.646639999999999	6.13226
630	-0.3693000000000005	4.551529999999999	6.13226
631	-0.40020199999999956	4.45643	6.132259999999999
632	-0.4311029999999999	4.361320000000001	6.13226
633	-0.4620050000000006	4.266220000000001	6.13226
634	-0.4929069999999998	4.1711100000000005	6.13226
635	-0.523808	4.076000000000001	6.13226
636	-0.5547099999999998	3.9809	6.13226
637	-0.585612	3.8857900000000014	6.13226
638	-0.6165129999999998	3.7906900000000006	6.13226
639	-0.647415	3.6955800000000005	6.13226
640	-0.6783170000000001	3.6004800000000023	6.132259999999999
641	-0.7092190000000004	3.5053700000000014	6.13226
642	-0.7401200000000002	3.4102600000000005	6.13226
643	-0.7710220000000001	3.3151599999999997	6.13226
644	-0.8019240000000001	3.220050000000002	6.13226
645	-0.8328249999999998	3.12495	6.13226
646	-0.863727	3.0298400000000005	6.13226
647	-0.8946289999999998	2.93474	6.13226
648	-0.9255300000000006	2.8396300000000014	6.13226
649	-0.9564319999999996	2.744519999999999	6.13226
650	-0.9873340000000003	2.6494200000000014	6.13226
651	-1.0182400000000003	2.5543100000000005	6.13226
652	-1.04914	2.4592099999999992	6.13226
653	-1.0800400000000008	2.3641000000000014	6.13226
654	-1.110940000000001	2.269000000000001	6.13226
655	-1.1418399999999995	2.1738899999999997	6.13226
656	-1.1727400000000008	2.078790000000002	6.13226
657	-1.2036499999999992	1.9836799999999983	6.13226
658	-1.234550000000001	1.8885700000000019	6.13226
659	-1.2654500000000009	1.7934700000000012	6.13226
660	-1.2963499999999997	1.69836	6.13226
661	-1.3272500000000018	1.6032600000000021	6.13226
662	-1.3581500000000002	1.5081500000000003	6.13226
663	-1.38906	1.4130499999999997	6.13226
664	-1.4199600000000017	1.3179400000000008	6.13226
665	-1.450860000000001	1.2228300000000005	6.13226
666	-1.4817600000000022	1.127730000000002	6.13226
667	-1.5126600000000012	1.0326200000000005	6.13226
668	-1.543560000000002	0.9375170000000014	6.13226
669	-1.574470000000002	0.8424120000000007	6.13226
670	-1.6053700000000004	0.7473059999999998	6.13226
671	-1.6362699999999988	0.6521999999999994	6.13226
672	-1.6671700000000003	0.5570949999999997	6.13226
673	-1.6980700000000004	0.4619889999999999	6.13226
674	-1.728970000000001	0.3668829999999999	6.13226
675	-1.7598800000000012	0.2717780000000004	6.13226
676	-1.790780000000002	0.17667200000000038	6.13226
677	-1.82168	0.08156650000000024	6.13226
678	-1.8525800000000006	-0.013539199999999628	6.13226
679	-1.8834800000000016	-0.10864499999999924	6.13226
680	-1.9143800000000002	-0.20374999999999968	6.13226
681	-1.9452899999999995	-0.2988559999999994	6.13226
682	-1.9761900000000012	-0.3939619999999998	6.13226
683	-2.00709	-0.48906699999999964	6.13226
684	-2.0379900000000006	-0.5841729999999999	6.13226
685	-2.068890000000001	-0.679279	6.13226
686	-2.0997999999999997	-0.7743839999999996	6.13226
687	-2.130700000000002	-0.8694899999999995	6.13226
688	-2.1616000000000013	-0.9645960000000002	6.13226
689	-2.1925000000000003	-1.0596999999999994	6.13226
690	-2.2234000000000016	-1.1548099999999997	6.13226
691	-2.2543	-1.2499099999999992	6.13226
692	-2.285210000000001	-1.3450199999999997	6.13226
693	-2.316110000000001	-1.4401199999999994	6.13226
694	-2.3470100000000014	-1.5352300000000003	6.13226
695	-2.377909999999999	-1.630339999999999	6.13226
696	-2.408810000000001	-1.72544	6.13226
697	-2.4397100000000007	-1.8205500000000006	6.13226
698	-2.4706200000000003	-1.9156499999999992	6.13226
699	-2.501520000000002	-2.0107600000000003	6.13226
700	-2.5324200000000014	-2.1058600000000003	6.13226
701	-2.563320000000001	-2.2009699999999994	6.13226
702	-2.5942200000000004	-2.2960699999999994	6.13226
703	-2.62512	-2.3911799999999994	6.13226
704	-2.62512	-2.3911799999999994	6.13226
705	-2.62512	-2.3911799999999994	6.13226
706	-2.62512	-2.3911799999999994	6.13226
707	-2.6560300000000003	-2.486289999999999	6.13226
708	-2.68693	-2.5813899999999994	6.13226
709	-2.717830000000001	-2.6765000000000008	6.13226
710	-2.7487300000000014	-2.7716000000000003	6.13226
711	-2.77963	-2.8667099999999985	6.13226
712	-2.810530000000001	-2.9618099999999994	6.13226
713	-2.841440000000001	-3.0569199999999985	6.13226
714	-2.8723400000000017	-3.1520299999999994	6.13226
715	-2.8723400000000017	-3.1520299999999994	6.13226
716	-2.8723400000000017	-3.1520299999999994	6.13226
717	-2.8723400000000017	-3.1520299999999994	6.13226
718	-2.8723400000000017	-3.1520299999999994	6.13226
719	-2.822340000000001	-3.152029999999999	6.04565
720	-2.7723400000000007	-3.152029999999998	5.95905
721	-2.7223400000000013	-3.1520299999999994	5.87245
722	-2.6723400000000006	-3.15203	5.78585
723	-2.62234	-3.1520300000000008	5.69924
724	-2.5723400000000005	-3.15203	5.61264
725	-2.5223400000000007	-3.1520300000000008	5.52604
726	-2.4723400000000013	-3.1520299999999986	5.43944
727	-2.4223400000000024	-3.15203	5.35283
728	-2.3723399999999994	-3.1520300000000003	5.26623
729	-2.322340000000002	-3.152029999999999	5.17963
730	-2.272340000000001	-3.1520299999999977	5.09303
731	-2.222340000000001	-3.15203	5.00642
732	-2.1723400000000006	-3.1520299999999994	4.91982
733	-2.1223400000000003	-3.152029999999998	4.83322
734	-2.0723400000000023	-3.1520299999999994	4.74662
735	-2.0223400000000002	-3.152029999999999	4.66001
736	-1.9723400000000009	-3.1520299999999986	4.57341
737	-1.9223400000000024	-3.1520299999999986	4.48681
738	-1.8723399999999988	-3.1520299999999994	4.40021
739	-1.8223400000000018	-3.1520299999999986	4.3136
740	-1.7723400000000005	-3.1520299999999986	4.227
741	-1.7223399999999995	-3.1520300000000003	4.1404
742	-1.6723399999999995	-3.15203	4.0538
743	-1.6223400000000006	-3.152029999999999	3.96719
744	-1.5723399999999996	-3.152030000000001	3.88059
745	-1.5223400000000005	-3.1520299999999994	3.79399
746	-1.4723400000000009	-3.152029999999999	3.70739
747	-1.422339999999999	-3.1520300000000003	3.6207800000000003
748	-1.3723400000000001	-3.15203	3.53418
749	-1.3223400000000014	-3.1520300000000003	3.44758
750	-1.2723400000000016	-3.15203	3.360970000000001
751	-1.2223399999999989	-3.1520299999999994	3.2743700000000002
752	-1.1723399999999993	-3.15203	3.187770000000001
753	-1.1223400000000012	-3.15203	3.1011700000000006
754	-1.0723399999999994	-3.15203	3.01456
755	-1.0223400000000005	-3.1520299999999994	2.92796
756	-0.9723380000000023	-3.1520299999999994	2.8413600000000003
757	-0.922338	-3.1520299999999994	2.75476
758	-0.8723380000000003	-3.1520299999999994	2.6681500000000002
759	-0.8223380000000019	-3.1520299999999994	2.58155
760	-0.772338000000001	-3.15203	2.49495
761	-0.7223380000000013	-3.1520299999999994	2.40835
762	-0.672338000000002	-3.152029999999999	2.3217400000000006
763	-0.6223379999999996	-3.15203	2.23514
764	-0.572338000000001	-3.152029999999999	2.1485400000000006
765	-0.5223380000000016	-3.1520299999999994	2.0619400000000003
766	-0.4723380000000015	-3.152029999999999	1.9753300000000003
767	-0.4223380000000007	-3.15203	1.8887300000000002
768	-0.37233799999999995	-3.1520299999999994	1.8021300000000002
769	-0.3223380000000001	-3.15203	1.7155299999999998
770	-0.2723380000000011	-3.15203	1.62892
771	-0.22233799999999931	-3.15203	1.54232
772	-0.17233800000000143	-3.1520300000000003	1.45572
773	-0.12233800000000106	-3.15203	1.3691200000000001
774	-0.07233750000000122	-3.1520299999999994	1.2825100000000003
775	-0.022337500000002078	-3.1520299999999994	1.1959100000000007
776	0.027662499999999524	-3.15203	1.1093100000000007
777	0.07766249999999762	-3.15203	1.0227100000000005
778	0.12766199999999875	-3.1520300000000003	0.9361040000000002
779	0.177661999999999	-3.1520299999999994	0.8495010000000004
780	0.22766199999999845	-3.1520300000000003	0.7628990000000003
781	0.2776619999999997	-3.1520300000000003	0.676296
782	0.32766199999999784	-3.1520300000000003	0.5896939999999998
783	0.3776619999999978	-3.15203	0.503091
784	0.42766200000000026	-3.1520300000000003	0.41648800000000014
785	0.4776619999999999	-3.1520299999999994	0.329886
786	0.5276620000000001	-3.15203	0.243283
787	0.5776620000000003	-3.15203	0.1566809999999999
788	0.6276619999999999	-3.15203	0.07007830000000012
789	0.6776619999999989	-3.15203	-0.016524199999999593
790	0.727661999999999	-3.1520300000000003	-0.10312699999999961
791	0.7776619999999999	-3.15203	-0.18972899999999976
792	0.8276619999999995	-3.15203	-0.2763319999999999
793	0.8776619999999986	-3.1520300000000008	-0.36293399999999976
794	0.9276619999999987	-3.1520300000000003	-0.44953700000000013
795	0.9776620000000003	-3.15203	-0.5361390000000001
796	0.9776620000000003	-3.15203	-0.5361390000000001
797	0.9776620000000003	-3.15203	-0.5361390000000001
798	0.9776620000000003	-3.15203	-0.5361390000000001
799	0.9776620000000003	-3.15203	-0.5361390000000001
800	0.9776620000000003	-3.15203	-0.5361390000000001
801	0.9776620000000003	-3.15203	-0.5361390000000001
802	0.9776620000000003	-3.15203	-0.5361390000000001
803	0.9776620000000003	-3.15203	-0.5361390000000001
804	0.9776620000000003	-3.15203	-0.5361390000000001
805	0.9776620000000003	-3.15203	-0.5361390000000001
806	0.9276619999999987	-3.15203	-0.6227419999999999
807	0.8776619999999984	-3.1520300000000003	-0.7093449999999999
808	0.8276619999999995	-3.15203	-0.7959469999999996
809	0.777662	-3.1520300000000003	-0.88255
810	0.727661999999999	-3.1520300000000003	-0.969152
811	0.6776619999999989	-3.1520300000000003	-1.0557499999999997
812	0.627662	-3.15203	-1.1423599999999996
813	0.5776620000000002	-3.1520300000000003	-1.2289599999999998
814	0.5276620000000003	-3.15203	-1.3155599999999998
815	0.47766199999999986	-3.152029999999999	-1.4021600000000003
816	0.4276620000000002	-3.15203	-1.4887700000000004
817	0.3776619999999977	-3.15203	-1.5753700000000008
818	0.32766199999999784	-3.1520300000000003	-1.6619699999999995
819	0.2776619999999997	-3.1520300000000003	-1.7485799999999998
820	0.22766199999999845	-3.1520300000000003	-1.8351800000000005
821	0.177661999999999	-3.152029999999999	-1.9217800000000007
822	0.12766199999999872	-3.1520299999999994	-2.0083800000000003
823	0.12766199999999872	-3.1520299999999994	-2.0083800000000003
824	0.12766199999999872	-3.1520299999999994	-2.0083800000000003
825	0.12766199999999872	-3.1520299999999994	-2.0083800000000003
826	0.12766199999999872	-3.1520299999999994	-2.0083800000000003
827	0.12766199999999872	-3.1520299999999994	-2.0083800000000003
828	0.0967608000000007	-3.0569199999999994	-2.0083800000000003
829	0.06585910000000074	-2.9618099999999994	-2.0083800000000003
830	0.03495740000000051	-2.86671	-2.00838
831	0.004055669999999544	-2.7716	-2.0083799999999994
832	-0.02684600000000006	-2.676499999999999	-2.0083800000000007
833	-0.05774769999999941	-2.58139	-2.00838
834	-0.08864939999999985	-2.4862900000000003	-2.0083800000000003
835	-0.11955100000000156	-2.3911800000000003	-2.00838
836	-0.15045300000000106	-2.2960699999999994	-2.00838
837	-0.1813549999999998	-2.20097	-2.00838
838	-0.2122560000000002	-2.1058599999999994	-2.0083800000000003
839	-0.24315800000000065	-2.01076	-2.0083799999999994
840	-0.27406000000000136	-1.9156499999999996	-2.0083800000000003
841	-0.3049609999999999	-1.82055	-2.0083800000000003
842	-0.33586300000000036	-1.7254399999999992	-2.00838
843	-0.3667650000000009	-1.6303399999999997	-2.00838
844	-0.3976660000000002	-1.5352299999999992	-2.0083800000000003
845	-0.42856799999999995	-1.4401199999999998	-2.00838
846	-0.45947000000000016	-1.345019999999999	-2.0083800000000003
847	-0.49037200000000003	-1.2499099999999999	-2.00838
848	-0.5212730000000002	-1.1548100000000001	-2.0083799999999994
849	-0.5521750000000004	-1.0597000000000005	-2.0083799999999994
850	-0.5830770000000005	-0.9645959999999998	-2.00838
851	-0.6139780000000001	-0.8694899999999998	-2.00838
852	-0.6448799999999998	-0.7743840000000004	-2.00838
853	-0.6757820000000002	-0.6792790000000001	-2.00838
854	-0.706683	-0.5841729999999999	-2.00838
855	-0.7375850000000009	-0.4890670000000003	-2.00838
856	-0.7684870000000001	-0.3939619999999998	-2.00838
857	-0.7993889999999998	-0.29885599999999957	-2.00838
858	-0.8302900000000002	-0.20374999999999974	-2.0083800000000003
859	-0.8611919999999998	-0.10864499999999991	-2.00838
860	-0.8920939999999988	-0.013539199999999602	-2.00838
861	-0.9229949999999995	0.08156650000000007	-2.00838
862	-0.9538970000000002	0.17667199999999994	-2.0083799999999994
863	-0.9847989999999996	0.2717779999999998	-2.0083800000000003
864	-1.0156999999999994	0.36688299999999957	-2.00838
865	-1.0465999999999998	0.4619890000000002	-2.00838
866	-1.0774999999999997	0.5570950000000002	-2.00838
867	-1.1084099999999992	0.6521999999999996	-2.0083800000000003
868	-1.1393099999999994	0.7473059999999996	-2.0083800000000003
869	-1.1702099999999998	0.8424119999999997	-2.00838
870	-1.20111	0.9375169999999999	-2.00838
871	-1.2320100000000005	1.0326200000000008	-2.0083799999999994
872	-1.2629100000000002	1.1277300000000003	-2.00838
873	-1.29382	1.2228299999999994	-2.0083800000000003
874	-1.3247200000000003	1.3179400000000003	-2.0083799999999994
875	-1.3556199999999992	1.4130499999999997	-2.0083800000000003
876	-1.3865199999999998	1.5081500000000003	-2.00838
877	-1.41742	1.60326	-2.00838
878	-1.4483200000000003	1.6983600000000005	-2.00838
879	-1.4792299999999996	1.7934699999999997	-2.0083800000000007
880	-1.5101299999999998	1.8885700000000005	-2.0083799999999994
881	-1.54103	1.9836800000000006	-2.00838
882	-1.5719299999999998	2.0787899999999997	-2.0083800000000003
883	-1.6028300000000004	2.17389	-2.00838
884	-1.6337300000000003	2.269	-2.008379999999999
885	-1.66464	2.3641	-2.00838
886	-1.6955400000000005	2.4592100000000006	-2.008379999999999
887	-1.7264400000000004	2.5543099999999996	-2.00838
888	-1.75734	2.64942	-2.0083799999999994
889	-1.7882400000000003	2.74452	-2.0083799999999994
890	-1.8191399999999998	2.8396299999999997	-2.0083799999999994
891	-1.85005	2.9347399999999997	-2.008379999999999
892	-1.8809500000000003	3.029840000000001	-2.0083799999999994
893	-1.91185	3.12495	-2.00838
894	-1.9427499999999993	3.22005	-2.0083799999999994
895	-1.9736500000000001	3.3151599999999997	-2.0083799999999994
896	-2.0045500000000005	3.41026	-2.0083800000000007
897	-2.0354599999999987	3.50537	-2.0083800000000003
898	-2.0663599999999986	3.60048	-2.0083800000000007
899	-2.09726	3.6955799999999996	-2.00838
900	-2.12816	3.7906899999999997	-2.0083800000000007
901	-2.1590599999999998	3.885790000000001	-2.0083799999999994
902	-2.1899600000000006	3.9809	-2.0083800000000003
903	-2.220870000000001	4.076	-2.008379999999999
904	-2.2517700000000005	4.171109999999999	-2.0083799999999994
905	-2.2826700000000004	4.26622	-2.008379999999999
906	-2.201770000000001	4.32499	-2.008379999999999
907	-2.1208700000000005	4.383770000000001	-2.0083799999999994
908	-2.0399599999999998	4.442550000000001	-2.0083799999999994
909	-1.9590599999999998	4.50133	-2.008379999999999
910	-1.8781600000000005	4.56011	-2.0083799999999994
911	-1.9090600000000004	4.655210000000001	-2.0083799999999994
912	-1.9399600000000008	4.75032	-2.008379999999999
913	-1.9708699999999997	4.84542	-2.008379999999999
914	-1.9708699999999997	4.84542	-2.008379999999999
915	-1.9208700000000007	4.84542	-1.9217800000000005
916	-1.8708700000000003	4.84542	-1.8351799999999994
917	-1.8208700000000002	4.84542	-1.74858
918	-1.7708700000000002	4.84542	-1.66197
919	-1.7208700000000001	4.84542	-1.57537
920	-1.6708700000000005	4.845419999999999	-1.4887699999999995
921	-1.6208699999999998	4.845419999999999	-1.40216
922	-1.5708699999999995	4.84542	-1.31556
923	-1.5708699999999995	4.84542	-1.31556
924	-1.5708699999999995	4.84542	-1.31556
925	-1.5708699999999995	4.84542	-1.31556
926	-1.5708699999999995	4.84542	-1.31556
927	-1.5708699999999995	4.84542	-1.31556
928	-1.4899600000000002	4.78665	-1.3155599999999998
929	-1.4090600000000002	4.72787	-1.31556
930	-1.3281599999999996	4.66909	-1.3155599999999998
931	-1.24726	4.61031	-1.3155599999999998
932	-1.1663599999999998	4.55153	-1.31556
933	-1.08546	4.49275	-1.3155599999999992
934	-1.0045499999999996	4.43398	-1.3155599999999996
935	-0.9236530000000003	4.3752	-1.31556
936	-0.8427509999999998	4.316419999999999	-1.3155600000000003
937	-0.7618500000000001	4.257639999999999	-1.3155600000000003
938	-0.6809479999999998	4.198859999999999	-1.31556
939	-0.6000459999999995	4.140079999999999	-1.3155599999999996
940	-0.5191450000000004	4.0813	-1.3155599999999994
941	-0.4382429999999999	4.022529999999999	-1.3155599999999998
942	-0.35734100000000046	3.9637499999999997	-1.3155600000000003
943	-0.3882429999999997	3.868640000000001	-1.3155600000000003
944	-0.30734099999999986	3.8098599999999996	-1.31556
945	-0.22643899999999972	3.75108	-1.3155599999999994
946	-0.1455379999999998	3.69231	-1.3155599999999996
947	-0.0646360999999999	3.63353	-1.3155599999999998
948	-0.09553779999999992	3.53842	-1.3155599999999996
949	-0.12643900000000036	3.44332	-1.3155599999999996
950	-0.15734100000000031	3.3482100000000004	-1.3155599999999998
951	-0.18824299999999966	3.2531	-1.3155599999999996
952	-0.21914499999999995	3.1580000000000004	-1.3155599999999998
953	-0.2500459999999999	3.0628900000000003	-1.3155599999999998
954	-0.2500459999999999	3.0628900000000003	-1.3155599999999998
955	-0.2500459999999999	3.0628900000000003	-1.3155599999999998
956	-0.2500459999999999	3.0628900000000003	-1.3155599999999998
957	-0.2500459999999999	3.0628900000000003	-1.3155599999999998
958	-0.2500459999999999	3.0628900000000003	-1.3155599999999998
959	-0.2809479999999998	2.96779	-1.31556
960	-0.3118500000000001	2.87268	-1.3155600000000003
961	-0.3427509999999999	2.7775800000000004	-1.3155599999999998
962	-0.373653	2.682469999999999	-1.3155600000000005
963	-0.4045550000000003	2.58736	-1.3155599999999996
964	-0.43545599999999984	2.4922599999999995	-1.31556
965	-0.466358	2.39715	-1.31556
966	-0.49726000000000004	2.3020500000000004	-1.3155599999999994
967	-0.5281620000000001	2.20694	-1.3155600000000005
968	-0.5590630000000001	2.1118399999999995	-1.3155600000000005
969	-0.5899650000000001	2.0167299999999995	-1.31556
970	-0.6208670000000003	1.9216300000000002	-1.3155599999999996
971	-0.6517679999999999	1.8265199999999993	-1.3155600000000005
972	-0.6826700000000002	1.7314100000000001	-1.3155599999999996
973	-0.7135720000000001	1.6363099999999997	-1.3155600000000003
974	-0.7444729999999998	1.5412	-1.3155600000000005
975	-0.7444729999999998	1.5412	-1.3155600000000005
976	-0.7444729999999998	1.5412	-1.3155600000000005
977	-0.7444729999999998	1.5412	-1.3155600000000005
978	-0.7444729999999998	1.5412	-1.3155600000000005
979	-0.7444729999999998	1.5412	-1.3155600000000005
980	-0.7444729999999998	1.5412	-1.3155600000000005
981	-0.7444729999999998	1.5412	-1.3155600000000005
982	-0.7444729999999998	1.5412	-1.3155600000000005
983	-0.7444729999999998	1.5412	-1.3155600000000005
984	-0.7444729999999998	1.5412	-1.3155600000000005
985	-0.7753750000000001	1.4460999999999997	-1.3155599999999998
986	-0.8062769999999999	1.3509899999999992	-1.3155600000000003
987	-0.8371789999999996	1.25589	-1.3155600000000003
988	-0.86808	1.16078	-1.31556
989	-0.8989819999999997	1.0656699999999995	-1.3155600000000003
990	-0.9298839999999997	0.9705690000000002	-1.31556
991	-0.960785	0.8754630000000001	-1.3155600000000003
992	-0.991687	0.7803580000000001	-1.31556
993	-1.02259	0.6852520000000003	-1.31556
994	-1.0534899999999996	0.590146	-1.31556
995	-1.0843899999999997	0.4950409999999998	-1.3155600000000005
996	-1.1152899999999997	0.39993499999999976	-1.3155600000000003
997	-1.1461999999999997	0.3048289999999998	-1.3155600000000005
998	-1.1461999999999997	0.3048289999999998	-1.3155600000000005
999	-1.1461999999999997	0.3048289999999998	-1.3155600000000005
1000	-1.1461999999999997	0.3048289999999998	-1.3155600000000005
1001	-1.1461999999999997	0.3048289999999998	-1.3155600000000005
1002	-1.1461999999999997	0.3048289999999998	-1.3155600000000005
1003	-1.1461999999999997	0.3048289999999998	-1.3155600000000005
1004	-1.1461999999999997	0.3048289999999998	-1.3155600000000005
1005	-1.1461999999999997	0.3048289999999998	-1.3155600000000005
1006	-1.1461999999999997	0.3048289999999998	-1.3155600000000005
1007	-1.1461999999999997	0.3048289999999998	-1.3155600000000005
1008	-1.1461999999999997	0.3048289999999998	-1.3155600000000005
1009	-1.1461999999999997	0.3048289999999998	-1.3155600000000005
1010	-1.1461999999999997	0.3048289999999998	-1.3155600000000005
1011	-1.1461999999999997	0.3048289999999998	-1.3155600000000005
1012	-1.0962	0.304829	-1.2289600000000003
1013	-1.0462000000000007	0.3048290000000003	-1.1423599999999998
1014	-0.996196	0.30482900000000007	-1.05575
1015	-0.9461960000000003	0.3048290000000001	-0.969152
1016	-0.8961959999999999	0.30482899999999996	-0.8825499999999998
1017	-0.846196	0.3048289999999998	-0.7959469999999998
1018	-0.7961960000000001	0.30482900000000007	-0.7093449999999999
1019	-0.7461960000000001	0.3048289999999999	-0.622742
# Source found
