#Steps.greedylazy diff 2 cutoff 30 2-11 distance
14 11 12 22 11 10 11 24 13 46 13 57 60 12 18 16 13 23 14 14 17 40 11 17 17 49 12 28 15 56 16 14 17 23 12 37 16 12 15 13 12 14 19 17 29 33 56 15 157 11 14 18 15 13 11 15 16 21 12 15 20 19 23 20 16 22 10 28 21 11 28 38 89 14 12 11 27 20 29 15 19 24 15 55 21 18 13 24 15 13 13 19 19 35 27 14 14 17 11 63
35 71 31 56 413 25 32 69 36 57 133 47 28 30 43 108 51 43 48 73 77 43 42 103 167 69 65 36 69 108 37 33 112 30 56 90 39 112 25 50 35 70 54 102 99 30 42 47 45 65 26 32 42 28 31 106 74 71 55 83 243 180 39 114 54 85 40 21 39 33 64 73 34 32 109 24 67 50 26 40 39 43 145 33 35 49 37 73 28 77 148 81 27 127 54 68 49 39 29 82
60 73 63 153 129 73 99 51 62 85 87 183 47 48 124 79 54 250 53 120 60 113 65 35 135 68 61 77 229 353 121 105 54 62 62 97 147 82 83 98 43 81 115 89 63 391 78 102 74 158 92 135 68 83 50 47 213 172 68 59 236 192 351 104 73 83 42 197 74 100 139 52 94 50 56 71 147 86 46 255 45 82 150 112 136 45 149 160 76 202 116 93 190 123 163 50 68 147 383 133
194 105 125 179 152 234 134 306 326 125 139 138 77 132 132 358 245 209 173 110 283 196 422 69 104 241 145 227 78 103 152 163 163 460 94 148 106 80 147 148 86 123 127 303 97 61 360 303 157 214 74 144 93 184 185 411 120 183 77 117 255 226 339 77 189 427 177 224 107 266 357 154 353 122 267 109 97 178 76 91 305 215 119 256 211 252 105 477 115 111 259 57 335 80 150 95 111 163 115 166
160 173 295 283 111 218 159 179 312 189 161 399 231 127 632 159 265 144 291 161 569 265 235 129 135 303 255 533 160 392 237 171 90 134 90 822 815 110 99 215 377 176 182 172 185 257 171 133 110 156 271 228 174 273 504 170 264 149 160 611 301 390 96 179 85 155 119 143 169 121 128 685 344 342 297 290 94 429 258 353 138 122 266 439 220 203 133 153 230 156 335 166 265 275 658 114 131 204 240 109
309 374 488 519 267 195 139 329 236 241 295 471 367 266 674 608 946 234 136 229 864 277 317 485 655 364 272 305 250 286 240 351 563 675 157 359 236 710 328 159 316 268 159 325 346 479 221 428 113 225 193 218 241 199 361 150 410 350 153 217 220 274 206 560 844 233 366 345 269 137 164 305 141 385 193 773 164 217 336 369 230 856 431 283 465 1109 129 182 400 243 195 185 423 369 254 341 157 309 192 185
460 810 176 398 297 808 137 744 249 314 231 331 210 189 609 246 321 252 337 764 314 743 158 317 572 586 163 264 242 663 295 999 333 527 1023 976 476 128 275 225 265 156 512 498 347 580 580 598 321 174 140 760 496 490 640 514 611 557 247 259 207 561 720 227 208 338 343 257 491 257 359 554 506 422 419 404 140 537 161 453 565 1009 170 292 394 198 501 664 228 282 245 1018 393 442 361 473 165 382 1237 888
419 272 606 875 208 437 992 805 357 754 190 400 260 422 366 251 328 388 1325 409 1220 326 472 483 407 305 245 544 387 156 516 881 312 811 368 520 915 557 1455 217 425 259 820 456 278 401 216 280 486 904 470 432 1409 166 896 435 299 309 266 199 894 223 232 1392 599 353 330 668 191 178 547 391 850 469 228 925 394 794 237 436 319 980 414 441 492 469 407 470 144 349 1320 290 473 244 464 419 392 286 724 302
373 485 703 364 435 770 237 481 241 322 636 797 392 185 563 675 426 443 334 516 533 557 1167 602 476 393 312 538 290 243 502 417 1900 292 269 1368 576 1149 667 623 704 829 466 403 1872 558 620 2510 752 302 2250 768 280 205 293 530 587 214 299 426 379 1036 392 1624 585 514 494 354 981 358 615 443 565 305 743 509 544 632 427 471 1044 502 613 453 796 551 799 771 405 601 251 1027 366 312 663 314 211 782 587 805
1573 467 360 426 382 515 601 478 749 518 447 545 1536 426 510 949 4392 806 861 295 529 942 763 1086 415 421 910 854 512 783 532 813 633 786 834 1760 969 477 340 772 1768 1389 1343 794 729 891 1585 687 749 765 1301 685 530 350 547 779 447 741 502 821 1370 360 823 705 380 436 373 428 255 217 646 1663 395 867 497 791 649 693 421 612 344 451 745 978 1539 435 665 841 625 524 388 729 602 873 899 1255 475 635 1191 433
