#Counts.greedylazy diff 2 cutoff 30 2-11 distance
18 19 15 26 16 14 26 30 14 56 16 59 65 21 34 18 15 26 21 19 18 49 14 18 23 50 16 29 16 65 24 35 34 31 17 42 20 13 20 14 14 15 27 26 34 39 60 19 162 13 17 22 20 16 12 17 18 24 15 20 24 26 26 31 32 28 11 32 26 19 36 42 90 16 17 19 29 28 32 17 21 26 21 61 27 20 24 29 18 15 16 21 20 46 42 24 18 18 15 65
36 76 35 72 418 30 54 70 37 73 135 50 32 36 44 115 54 49 53 75 79 45 44 108 171 70 66 38 71 112 40 34 113 34 62 105 51 116 26 51 36 81 70 110 100 35 44 53 52 70 29 44 43 31 34 107 82 81 58 89 246 181 63 115 60 92 47 22 41 34 67 75 38 35 112 31 73 53 33 42 46 45 147 37 41 57 39 79 33 88 149 85 51 128 59 69 54 41 30 87
62 74 67 154 133 80 105 53 65 92 92 192 48 49 125 83 61 267 55 121 74 116 70 40 152 69 62 79 242 355 125 109 57 66 67 98 150 84 86 101 48 83 118 90 64 399 80 110 77 169 98 137 71 86 52 51 220 174 70 68 251 198 353 107 76 84 55 198 75 101 141 56 104 52 59 72 148 87 49 261 46 92 160 114 138 47 161 161 77 208 121 94 196 133 164 51 77 150 385 143
196 107 128 185 159 235 141 310 329 129 142 141 82 133 134 359 250 210 176 114 288 197 426 70 105 242 162 234 80 104 160 164 164 464 95 154 107 82 148 149 87 124 132 304 105 63 369 304 161 217 81 147 105 189 190 417 122 186 81 121 267 227 346 81 192 435 182 226 108 278 362 160 356 126 268 110 98 185 92 92 309 220 121 275 215 260 108 478 119 113 272 75 337 83 151 101 115 164 116 167
162 176 310 284 120 219 162 185 314 193 162 400 235 129 635 168 266 147 292 162 575 283 237 131 141 306 259 537 166 404 239 174 95 135 91 823 819 112 100 216 385 178 184 173 194 258 172 140 112 160 273 230 176 274 505 175 269 154 165 617 303 393 103 188 87 160 126 144 178 122 135 686 362 346 302 293 101 430 260 354 146 126 268 441 223 205 137 158 238 171 338 168 272 277 659 115 143 207 245 113
325 378 503 523 268 197 140 351 237 243 300 473 372 273 681 610 951 237 138 234 867 283 333 491 658 368 280 306 255 287 241 359 566 680 165 361 237 717 329 160 317 269 161 327 352 480 226 429 115 226 194 220 246 204 369 158 414 356 157 221 223 275 210 563 847 235 367 347 272 144 170 308 145 401 194 774 168 219 338 379 231 860 432 286 474 1111 144 185 405 245 196 189 427 370 258 342 159 311 197 186
461 811 180 400 299 810 139 748 252 316 234 334 212 191 613 251 332 255 345 780 319 750 159 322 579 588 164 266 246 672 301 1002 336 537 1025 979 480 132 277 233 269 160 514 499 348 583 592 608 324 177 152 763 498 493 642 523 621 558 252 260 208 565 728 241 213 339 351 264 492 260 360 559 507 427 423 409 146 538 164 454 569 1014 171 295 400 212 502 668 235 289 248 1020 395 445 363 478 168 383 1238 890
424 279 608 888 209 441 997 812 359 756 192 402 263 424 368 260 334 393 1334 410 1221 332 485 492 408 307 251 560 392 160 520 888 314 817 374 532 929 559 1459 219 426 261 821 468 279 402 218 281 494 905 471 434 1410 172 902 436 301 312 267 200 899 230 236 1395 602 365 337 669 193 188 555 395 852 470 229 929 395 795 247 441 321 985 419 449 495 480 408 476 147 368 1323 299 475 247 466 423 393 287 726 307
376 487 707 365 438 775 243 482 254 323 654 811 406 196 566 678 429 445 346 521 538 558 1172 603 479 397 314 544 292 244 508 418 1906 293 271 1370 584 1150 670 624 709 832 470 405 1873 561 621 2519 758 307 2253 772 282 210 300 536 590 219 310 452 382 1049 393 1626 588 517 501 362 984 359 616 448 571 312 747 513 545 645 429 474 1045 504 614 454 799 560 802 772 413 605 253 1028 370 313 664 317 213 790 588 807
1581 468 364 428 390 516 602 481 751 519 455 548 1538 428 515 953 4399 816 862 314 532 943 768 1088 416 422 914 861 515 793 533 815 634 795 841 1764 970 478 351 784 1770 1391 1344 796 730 892 1597 694 754 766 1303 688 532 357 548 780 468 744 503 829 1391 362 830 715 381 439 382 436 265 218 648 1666 414 874 499 800 653 695 424 617 345 455 752 979 1554 440 671 848 627 528 390 733 609 877 903 1263 486 644 1196 438
