119 98 147 294 70 107 136 287 85 91 109 163 166 115 151 329 310 70 207 132 50 108 47 36 154 205 147 128 158 250 151 131 200 243 65 260 115 61 95 96 92 34 97 174 203 146 97 64 229 33 86 111 126 67 41 146 65 37 74 125 106 151 128 127 135 45 42 39 120 43 159 175 172 77 185 77 286 223 55 118 71 155 191 507 162 139 55 348 49 59 83 99 125 116 90 78 122 524 170 84
166 131 129 419 147 185 111 607 279 156 254 175 290 222 275 210 327 241 393 219 124 255 159 158 373 367 145 368 271 282 267 453 316 225 286 306 243 224 210 242 222 99 282 272 272 376 370 287 294 162 142 430 337 176 131 388 220 316 186 264 239 309 268 221 202 280 202 172 251 112 227 207 368 243 188 328 388 400 146 198 176 419 266 322 251 547 124 239 212 154 397 220 259 400 301 131 148 411 219 174
352 377 312 387 196 390 371 402 561 539 251 531 341 443 333 463 313 359 729 501 314 492 301 332 490 637 334 468 602 423 490 551 456 447 264 476 756 274 357 315 368 287 370 425 842 604 460 318 366 299 338 291 852 227 244 357 312 357 435 339 259 645 293 512 504 351 362 299 387 259 620 455 597 567 253 268 451 650 277 297 494 665 487 403 618 390 307 498 384 415 397 364 443 514 338 342 349 574 256 323
458 387 345 759 592 699 407 724 653 547 437 582 470 412 647 785 633 520 510 775 505 898 458 526 576 809 437 569 671 550 567 993 809 512 483 702 543 533 312 343 464 432 663 826 840 788 562 525 544 548 475 810 823 492 399 492 506 558 634 448 509 606 548 541 503 407 419 387 474 402 753 623 683 455 589 557 563 773 492 507 536 1033 772 937 894 629 570 734 627 642 668 476 425 648 421 654 378 942 915 405
746 732 809 691 553 901 762 874 821 896 523 1026 675 872 923 714 836 736 1124 618 903 906 460 663 799 835 636 967 730 763 890 866 851 1234 582 1274 981 614 779 683 853 670 1076 717 993 979 726 699 599 406 916 797 783 826 425 647 813 1151 584 775 636 931 608 921 686 965 832 558 680 635 931 669 1078 854 652 880 1319 1123 689 968 729 985 821 875 764 886 489 742 511 1118 726 845 1094 978 740 663 918 1038 827 825
919 879 782 1143 786 782 960 1035 1247 769 693 1116 1282 761 901 1026 1320 1235 1090 768 872 1495 846 981 1215 1549 1005 982 1150 1597 1041 1072 1194 941 805 1084 1182 738 882 1152 1096 1079 1036 813 1411 1231 1226 845 917 685 982 1177 904 731 695 662 1361 1300 963 1016 796 1136 937 1232 1241 1498 825 744 1104 878 902 1378 1237 887 791 1017 1249 915 746 961 995 1157 1301 1002 932 868 929 1024 696 1074 1061 1154 728 1097 1660 1098 894 1413 1315 725
1185 1078 949 1478 1581 1723 1215 1467 1179 1767 1109 1277 1061 968 1400 2301 1575 1685 1414 905 1004 1205 1214 1059 1091 1717 1219 1296 1401 1228 1056 1301 1408 1287 1087 1134 1364 1135 1122 1228 1858 1073 1477 1345 1305 1607 1532 1275 1298 1197 1165 1316 1751 1276 1084 1004 1311 1738 1150 1208 1328 1544 1013 1477 975 1124 1177 1253 1489 1260 1799 1180 1879 1372 937 1089 1734 1697 718 1048 1156 1567 1402 1518 1685 1079 1256 1190 855 1199 1166 1153 2060 1386 1131 1497 816 1623 1321 1377
1317 946 1418 1638 1489 1709 1002 1585 1419 1426 1328 1902 1359 1148 1575 1496 2235 1363 1604 1572 1155 1920 1249 1413 1739 2175 1077 1726 1509 1319 1857 1642 2167 1773 1223 1805 1877 1483 1655 1254 1177 1424 1928 1525 1968 1597 1543 1918 1770 1505 1230 1359 1838 1545 1295 1233 1157 1778 1603 2206 1494 1519 1417 1760 1397 1354 1348 1704 1657 1748 1524 1702 1654 1597 1299 1116 2197 1456 1234 1240 1343 1887 1835 1652 1469 2094 1653 1470 1525 1194 1398 1449 1600 1848 1478 1373 1106 1768 1884 1396
1910 2011 1623 1939 1269 1824 1377 2308 1798 1563 1441 2055 1857 1273 2033 1894 2619 2037 1650 1488 1559 1727 1656 1865 2041 2530 1478 1919 1488 1730 1666 1952 1610 2290 1192 2078 1658 1653 1106 1266 1562 2088 2029 1996 2110 2063 2256 2057 1289 1426 1491 1792 2142 1532 1580 1634 1525 1935 1646 2198 1910 2000 1420 2228 1463 2153 1486 1662 1567 1544 1933 1862 1862 2193 1215 2051 1663 2212 1447 1859 1984 1802 1981 1734 2075 1575 1560 2066 1330 2231 1780 1614 2041 2347 1668 1641 1399 2013 2232 1650
2095 1785 1678 2232 2307 2376 1421 2236 2891 2555 1820 1858 1967 1783 2208 3166 2598 3001 2921 1553 2324 2140 1813 1588 1973 2602 1747 2316 1972 2213 1981 1769 2644 2180 1508 2256 2466 1648 1769 1703 1932 2420 2225 2544 1820 1964 2334 1978 2450 2205 1962 2448 2956 2020 1610 2017 2082 2636 1712 1838 1827 2906 2019 2107 2090 1808 2043 1735 1784 2068 2482 1908 1724 2600 1503 2348 2781 2577 1836 1885 2048 2168 2335 2511 2788 1803 1535 2184 1823 1867 1833 2028 1640 2411 2225 1847 1710 2578 1846 1868
2055 2404 1839 2129 1827 2308 2048 2037 2253 2668 2279 2543 2308 1655 2306 2449 2309 2631 2671 2694 2265 2072 1686 1957 2794 2622 2181 2992 3250 3236 2897 2580 2954 2109 1981 3275 2934 1923 1804 1924 2380 1821 2766 3004 2510 2680 2206 2078 2493 2120 2036 2585 1933 2154 2224 3034 2205 3279 2032 2619 2930 3248 2201 2629 2903 2366 2012 1882 2576 2434 2539 2490 2334 2272 2094 2481 2322 1804 2023 2177 2632 2235 1936 2603 1882 2847 1968 2355 1963 3351 2342 2711 2173 2186 2180 2362 1825 2799 2636 2468
2280 2552 2423 2973 2254 3050 2105 2399 2740 2364 2321 3009 2826 2597 2271 3282 3193 2721 2510 2046 2154 2669 1819 2208 3750 2794 1993 2586 3675 2984 3022 3240 3191 3019 2497 3531 3202 2710 2085 2605 2162 2691 3122 2012 2838 3470 2559 2784 2220 1780 2528 3011 2247 2274 2165 2612 3269 2635 2179 2467 2349 2681 3100 2422 2933 2155 2202 2391 2187 2783 2473 2219 2501 2296 2606 2271 2709 2666 2667 2258 2470 2875 2445 2975 3594 1922 3690 2190 2633 2304 3096 2578 2705 2716 1855 2921 3335 2097 2109 2659
2096 2321 2183 2837 2659 3385 2441 3105 3117 2306 2533 2847 2626 2626 2627 3458 2824 3023 2588 2721 2962 3255 1887 2824 2492 3405 2281 3334 3330 2923 3092 3026 3569 2631 2538 3222 3516 3333 2716 2567 2764 2759 3205 2976 4442 3237 3233 2402 3395 2359 2945 3502 3054 2354 2365 3287 2151 2584 2522 2416 2513 3153 2144 3559 3219 3013 2593 2480 3200 2807 3582 2616 3055 2841 2583 2332 3561 2607 2641 2243 2735 3448 2915 2667 3029 2568 2492 3571 2187 2902 3476 2034 3101 3216 2573 3056 2622 2843 3049 2763
