15 13 14 21 12 15 18 18 14 20 16 13 22 20 17 17 20 18 19 17 14 23 11 15 17 16 15 19 19 15 18 18 25 31 14 24 24 15 14 18 13 12 24 20 21 27 22 15 19 20 13 18 16 12 14 13 18 20 12 30 19 20 15 15 22 16 17 18 16 12 17 18 24 14 14 16 30 20 30 15 18 22 18 27 19 16 15 22 13 15 17 13 15 32 16 13 20 35 13 17
38 52 31 42 33 41 49 53 46 37 30 57 30 36 38 78 33 59 58 40 52 44 34 33 59 45 38 42 39 39 36 49 54 45 30 42 61 40 27 33 49 34 49 43 69 46 57 55 47 37 39 64 70 41 45 60 42 35 39 61 45 49 37 64 37 50 35 26 30 53 56 54 50 37 45 44 56 44 45 34 35 44 53 56 51 43 38 55 35 53 45 42 36 43 39 47 36 71 38 41
68 65 59 73 77 86 75 97 100 116 67 92 81 66 82 112 67 69 98 51 78 117 66 50 90 100 74 117 84 83 48 98 80 108 66 109 110 76 89 65 89 72 81 94 96 133 99 78 95 69 82 82 95 87 77 74 80 88 76 78 72 122 71 106 70 69 76 72 87 79 79 72 102 93 69 88 82 73 66 70 74 74 101 88 93 56 87 67 49 78 122 81 54 87 65 51 58 123 92 73
103 99 105 123 175 102 119 169 163 118 90 171 113 100 156 126 154 111 128 99 120 137 135 94 180 127 113 114 106 127 102 166 150 127 107 159 205 102 95 98 114 185 122 115 147 187 142 136 152 127 105 105 125 125 121 108 97 90 96 141 119 147 173 158 116 149 130 90 172 108 131 154 173 97 68 113 155 162 87 91 117 103 112 149 134 160 135 101 118 81 115 126 113 167 116 114 154 135 139 116
148 146 159 176 185 156 148 205 204 114 156 140 204 159 157 192 255 231 161 136 164 229 110 145 251 231 159 294 173 194 188 185 208 189 147 197 267 158 173 141 135 171 175 204 203 161 169 163 212 153 261 216 189 176 158 165 120 187 173 137 128 236 124 178 134 134 200 152 199 165 163 181 209 216 249 161 158 184 139 132 228 145 213 175 199 184 172 163 168 188 178 283 183 196 167 153 144 201 206 139
168 243 207 213 183 190 175 340 215 229 232 237 179 188 279 227 224 290 216 183 204 282 264 221 229 308 202 220 292 273 317 252 267 275 160 248 235 244 168 176 182 155 237 248 227 176 327 282 206 195 210 288 206 246 199 168 202 349 214 189 215 263 248 325 230 231 179 247 186 284 259 171 280 297 172 179 228 183 168 184 248 202 237 294 339 248 282 293 210 219 244 236 225 224 318 274 231 275 200 218
245 233 353 274 401 287 326 303 260 231 260 267 279 388 271 416 291 345 285 210 227 404 254 314 306 406 225 413 260 233 285 271 370 353 291 386 331 256 233 279 277 326 398 287 283 315 396 288 292 318 238 339 328 343 444 253 223 375 278 319 274 404 284 359 215 288 216 240 324 242 296 247 451 279 245 388 349 347 257 217 337 288 289 270 343 289 220 524 180 286 304 316 304 246 242 323 362 294 309 230
384 366 385 427 304 406 309 491 310 283 228 425 330 374 334 371 474 375 342 298 286 587 326 430 406 349 319 481 388 381 292 381 439 350 367 488 470 334 332 361 322 355 622 329 375 435 297 327 428 358 403 362 382 274 366 387 379 480 327 400 321 570 324 288 408 294 302 354 347 435 381 382 500 466 475 388 335 542 324 291 380 390 358 660 382 394 468 494 326 482 382 356 296 361 361 291 393 412 412 297
430 436 428 477 542 444 485 352 486 547 312 485 603 391 399 525 439 457 565 404 400 473 414 546 455 483 521 402 406 344 436 396 453 593 341 530 605 460 392 422 562 411 483 552 489 474 599 420 414 445 392 579 478 419 543 442 428 432 369 503 464 480 448 370 427 496 469 429 356 417 623 485 570 580 493 453 498 481 437 381 336 526 525 377 598 411 603 507 321 531 486 631 401 475 600 456 363 427 561 349
396 454 422 581 477 451 519 602 502 704 516 582 519 437 696 782 792 579 488 520 357 673 636 426 551 677 589 428 440 448 578 576 645 686 431 480 615 337 393 495 554 443 512 569 585 636 516 443 592 443 448 607 491 522 448 382 489 651 539 503 436 570 401 665 538 438 461 675 460 430 612 503 791 510 486 604 490 414 376 477 623 484 608 637 676 551 600 778 373 521 605 721 455 550 488 369 502 867 594 451
476 599 652 606 609 599 551 621 524 576 401 601 655 610 602 524 935 530 577 522 574 635 600 570 933 638 441 587 532 574 472 794 679 623 432 740 704 520 617 492 655 577 781 584 680 880 651 577 500 474 506 717 734 715 525 542 575 757 412 477 681 756 619 561 666 593 601 615 547 460 513 655 667 546 667 533 646 591 471 500 604 597 554 533 658 678 523 719 642 646 711 725 630 662 510 686 592 739 655 534
