# seeds 1-50, distances 2-13, cutoff 20, actuallly steps not counts, difffusion 2
16 15 19 22 16 15 17 29 15 15 16 16 19 18 16 20 19 14 19 13 18 19 11 15 19 22 21 15 12 20 29 21 24 25 15 22 22 13 25 17 17 12 21 20 24 27 17 16 23 16 16 16 18 15 14 13 14 25 12 12 19 20 17 19 22 23 11 17 21 13 17 19 21 19 21 14 26 28 15 14 15 19 21 16 19 19 15 21 13 22 16 15 27 31 16 14 13 27 16 20
45 45 32 49 48 35 31 71 36 45 49 38 40 38 47 85 47 33 48 32 60 54 43 47 68 44 28 55 37 46 46 41 46 41 29 46 60 33 34 60 35 50 51 53 53 57 45 39 60 31 32 41 50 38 33 42 43 49 47 41 48 59 34 42 48 49 39 26 41 42 54 49 51 44 30 48 48 52 36 35 35 48 42 54 74 47 40 36 35 46 43 46 43 37 36 48 37 56 32 37
59 74 97 58 67 86 67 82 79 64 60 96 77 65 104 85 101 102 71 86 64 76 63 75 75 75 65 73 68 79 74 83 122 107 81 100 85 49 56 77 81 73 103 113 77 76 85 86 97 62 63 74 76 67 70 61 98 59 56 71 86 87 64 83 83 54 78 85 102 75 69 63 101 91 55 78 62 81 75 65 50 112 103 82 84 70 50 73 66 71 83 62 109 134 99 55 76 80 71 60
122 94 135 110 113 112 116 127 115 109 113 211 96 97 99 158 137 129 141 113 105 123 88 86 169 106 112 152 122 111 123 115 126 138 124 98 107 91 158 129 99 134 121 162 142 119 117 121 137 109 138 120 101 99 103 108 122 116 102 101 92 134 96 158 115 113 114 87 120 131 137 98 135 95 131 122 133 152 86 102 88 128 114 137 125 116 100 142 99 138 100 106 94 106 96 122 108 106 146 123
136 154 152 179 147 177 166 150 175 182 106 187 156 145 158 211 150 189 192 143 152 252 197 146 189 164 159 209 146 140 142 172 200 230 162 208 157 170 165 168 131 151 188 193 161 185 200 195 156 138 168 221 153 197 140 172 140 161 192 185 145 190 176 170 198 135 136 134 117 206 174 164 174 181 175 147 155 166 126 129 145 193 141 150 144 183 134 257 122 184 115 125 170 186 135 167 158 196 178 153
259 211 162 315 197 201 194 198 246 184 184 272 217 273 192 222 240 262 165 180 223 210 156 208 227 190 162 253 198 200 167 258 206 200 230 273 262 169 147 201 166 187 249 278 231 271 194 293 202 161 149 256 207 202 216 212 282 306 173 167 204 223 183 238 204 223 185 206 189 212 216 172 169 215 159 192 239 174 217 230 228 172 239 304 208 248 173 217 168 185 291 208 168 229 174 235 243 283 155 181
258 231 264 267 269 331 219 322 223 234 294 270 359 252 257 340 268 321 261 305 255 367 291 344 259 356 260 328 338 296 262 358 377 254 220 270 386 226 242 339 265 160 318 279 226 293 308 308 317 267 309 298 288 248 234 298 251 246 258 255 203 293 215 256 305 158 246 222 252 256 260 232 312 307 268 320 270 260 191 213 251 274 233 294 271 293 222 330 237 289 285 267 325 448 265 275 199 361 273 301
267 248 334 307 246 331 276 361 518 366 229 401 255 279 381 409 461 353 364 339 309 345 324 267 378 335 258 347 303 402 377 247 371 394 304 380 304 284 340 310 368 331 315 285 336 526 345 393 349 257 356 381 365 281 360 347 334 385 238 296 466 511 223 314 309 286 226 267 282 328 324 359 297 310 352 277 359 340 259 286 403 345 392 332 380 306 328 315 342 376 350 292 361 450 320 234 305 360 371 370
265 392 308 476 435 439 406 375 339 394 316 371 402 313 427 469 478 454 421 393 363 442 360 347 453 412 381 648 368 408 365 435 458 369 331 452 533 308 415 304 370 349 524 386 478 365 482 303 326 376 328 367 387 272 319 491 376 389 388 387 480 445 362 455 358 327 388 336 375 291 437 405 447 452 341 305 473 387 360 285 381 643 369 513 467 464 435 519 325 457 330 429 301 419 420 323 337 416 405 363
415 385 383 495 410 521 448 510 608 369 334 417 393 349 423 639 556 424 391 446 415 494 403 413 562 549 467 428 561 409 480 636 427 525 317 479 511 368 386 397 385 493 450 578 546 467 535 502 369 492 480 475 472 425 422 441 412 428 347 582 466 494 511 409 398 456 413 345 469 399 498 572 546 434 411 400 495 485 504 367 436 615 534 574 451 527 444 544 304 488 428 533 393 496 488 460 440 466 466 353
470 527 499 588 407 548 405 498 493 407 350 561 403 390 515 652 749 622 500 527 462 453 523 465 588 634 424 550 502 446 472 547 579 479 416 576 737 421 468 470 491 554 583 540 495 552 405 479 498 378 577 519 479 494 514 503 506 713 557 660 594 435 387 503 368 487 406 474 464 555 547 459 667 597 442 533 539 562 487 454 414 587 518 569 631 552 460 728 386 541 646 478 399 599 598 564 491 634 558 361
529 564 393 598 477 618 541 666 536 521 605 640 633 452 690 662 565 574 529 475 499 825 482 519 741 790 423 632 588 599 619 688 602 612 640 770 574 516 459 490 501 520 629 564 613 645 538 596 566 44613 [484 732 594 507 567 533 537 751 512 523 608 607 544 765 575 515 605 535 740 511 594 634 573 631 455 571 701 554 509 516 506 538 632 605 641 465 585 583 530 646 590 493 432 588 850 544 588 653 631 536
