#seeds 1-100, distances 2-13 diff 4
80 46 130 135 75 110 84 190 83 57 111 104 145 76 138 91 197 61 153 69 79 280 101 53 174 165 76 150 160 76 111 143 190 141 97 157 182 53 65 82 62 50 88 135 156 172 158 142 98 62 57 77 111 98 67 70 81 88 82 200 70 211 71 144 106 78 61 47 80 89 110 90 108 58 74 54 224 139 69 125 85 165 175 195 118 93 71 123 47 177 46 76 93 190 101 52 118 202 59 70
142 185 170 581 250 171 262 181 214 191 213 259 164 223 227 325 260 267 290 303 220 305 149 143 266 264 167 176 177 230 249 332 392 274 193 347 290 160 177 249 128 157 338 279 282 253 329 285 480 142 173 267 301 283 105 164 174 239 295 238 199 381 315 242 197 279 122 187 308 146 192 187 310 229 141 275 240 287 183 162 239 278 241 310 334 158 261 337 227 273 499 138 142 210 177 233 131 351 230 194
379 269 271 370 292 377 372 346 287 349 325 311 347 252 327 374 539 603 402 362 541 453 375 283 380 476 397 615 350 467 347 497 481 599 251 433 470 277 408 317 341 486 405 405 543 411 337 446 390 263 266 385 454 549 299 419 361 527 289 323 429 557 330 513 302 311 234 266 325 345 455 633 772 386 260 483 445 561 366 348 254 462 504 463 305 505 231 513 264 400 576 414 407 424 486 289 323 416 571 281
634 453 384 570 431 537 648 865 544 491 472 681 632 607 559 680 861 492 535 330 559 813 443 408 716 492 472 529 704 676 573 897 859 767 606 1167 659 488 431 385 450 518 464 815 434 814 474 458 611 453 376 730 745 602 478 625 722 478 428 900 673 755 599 565 551 780 451 433 622 354 460 507 628 606 473 520 798 755 368 448 509 890 580 641 832 535 516 739 594 849 504 628 526 599 713 544 585 1076 784 597
640 963 632 991 718 978 431 1084 754 1341 516 545 748 756 564 732 762 716 820 821 699 1185 802 709 989 849 560 837 942 880 835 1088 904 813 873 1001 1358 670 609 629 840 440 915 1023 748 1163 854 633 819 593 518 844 981 470 736 604 558 829 738 875 1152 919 568 612 651 645 693 760 688 652 1264 631 1231 942 770 858 1370 620 620 467 823 766 580 1009 1249 873 702 982 653 947 976 733 690 980 810 577 686 827 794 845
1019 794 625 1019 1127 996 903 981 1015 941 680 1362 1219 787 782 1184 1331 1240 1055 1036 1243 1250 669 1002 1308 1330 998 1189 992 840 849 1146 1583 1171 947 897 1034 817 791 1186 1232 839 1002 1409 1165 967 1126 1189 994 865 771 1341 1236 867 845 947 827 1257 767 1014 1127 1150 948 1031 1115 1187 1063 788 1471 974 1112 1005 1271 1150 793 1047 1129 1078 712 827 578 1180 1233 912 1049 1069 1093 1218 903 1292 1309 938 1216 1040 1069 1088 764 1256 937 771
1235 1271 1098 1191 1229 1490 1071 1256 1509 1335 1048 1627 1366 1226 1530 1154 1479 1266 1304 994 1227 1701 1030 910 1882 1248 1056 1856 1355 923 1407 1604 1555 1562 1160 1858 1515 897 1107 1127 1410 1040 1211 1696 1336 1574 1381 1710 1122 992 1116 1505 1506 1394 934 1319 1129 1567 1039 1320 1271 1548 1037 1522 1388 1016 1022 1384 1458 1280 1344 1301 1509 1204 1240 1575 1157 1499 1259 971 1168 1183 1509 1147 1449 1367 1350 1408 1289 1084 1538 1269 1282 1742 1499 1300 1251 1647 1368 1271
1087 1321 1209 1886 1588 1676 1190 1985 1707 1467 1250 1400 2267 1472 1987 1830 1941 2273 1724 1367 1390 1522 1575 1596 1928 1667 1075 1499 1759 1683 1385 2140 1608 2264 1011 1824 1330 1622 1271 1723 1061 1798 1821 2004 1865 1280 1306 2207 1917 1380 1714 1924 1943 1498 1419 1286 1652 1728 1217 1454 1221 1591 1676 1960 1944 1341 1779 1589 1496 1358 1337 2101 2038 1315 1596 1872 1471 1587 1175 1413 1269 1549 1728 1748 1951 1216 1473 1747 1785 1696 1475 1634 2014 1871 1550 1302 1201 1847 1820 1077
1356 1958 1546 2393 1360 1530 1370 1825 2060 2132 1186 2027 1532 1528 2230 2093 2013 2075 1833 1582 1529 2916 1512 1870 1971 2198 1603 1673 2187 1925 1620 2099 2147 1594 1401 1824 2043 1744 1254 1571 2163 1652 2045 2485 2242 1773 1888 1755 1862 1409 1899 1946 2229 1549 1435 1511 2093 1928 1360 2059 1566 2404 1661 2562 2068 1760 1784 1990 1763 1452 1884 1608 1793 2188 1734 1656 2130 2571 1286 1543 1770 2333 1701 2159 1978 1788 1851 2658 1176 1944 2056 2101 1914 1877 1601 1889 1954 2511 1965 1516
1658 1890 1712 2240 2158 2601 1346 1991 1892 2042 1538 2678 1730 1266 1837 2546 1692 2252 2066 2662 2245 2801 2164 1736 2057 2076 2180 2230 2037 2277 2059 2533 1933 2050 1950 2282 3013 1987 1702 1840 1754 1963 2809 2425 2571 1962 2331 2519 2224 1707 1796 2441 2144 2935 2323 2111 2140 2584 1756 1773 1847 3272 1984 2257 1805 1735 2089 1906 2138 1797 2100 2330 2578 2353 1991 1767 2873 2679 1768 2065 2060 2310 2205 2513 2552 2524 2814 2831 2095 2238 2236 2486 2022 2733 1765 1897 1729 2661 2371 1563
1748 2322 2004 2320 2433 3216 1703 1666 2346 2006 1697 2428 2364 2659 2276 2590 2761 2180 2621 1939 2248 2971 2217 1869 2555 2956 2393 2555 2731 3114 2251 2576 2453 2552 2264 2827 2614 1641 2596 2118 2118 2676 2449 1853 2804 2683 2162 2430 1978 2470 2368 2504 2128 2217 1979 2354 2211 2679 2042 2975 2508 2784 1953 2740 2556 2965 1927 2267 2571 1753 3295 1809 2231 2568 2272 2054 2941 2387 1848 2274 2211 2386 3027 2436 2614 2738 2298 2115 2350 2249 2029 3351 1988 3128 2181 2120 1885 2970 2371 1969
3308 2366 1978 2394 2429 2651 2483 2467 3022 1958 2692 2183 2129 2654 2191 3268 3321 2861 2249 2607 2668 2605 2456 2722 2705 3115 2316 3541 1978 2728 2842 2412 2849 2941 2193 2077 3115 2541 2354 3141 2924 2690 2991 3088 2511 3489 2945 2578 2552 2500 3017 2552 2632 2734 2360 3425 1998 2943 2028 2923 2547 3051 2106 3257 2599 2776 2319 2478 2529 2355 4618 2196 3196 2731 2385 2539 2656 3151 2589 2188 2558 2892 2601 2568 3299 3194 1987 3181 2081 2907 2866 2693 2581 3329 2419 2188 1920 3027 2824 1923
