68  65  59  73  77  86  75  97  100  116  67  92  81  66  82  112  67  69  98  51  78  117  66  50  90  100  74  117  84  83  48  98  80  108  66  109  110  76  89  65  89  72  81  94  96  133  99  78  95  69  82  82  95  87  77  74  80  88  76  78  72  122  71  106  70  69  76  72  87  79  79  72  102  93  69  88  82  73  66  70  74  74  101  88  93  56  87  67  49  78  122  81  54  87  65  51  58  123  92  73
103  99  105  123  175  102  119  169  163  118  90  171  113  100  156  126  154  111  128  99  120  137  135  94  180  127  113  114  106  127  102  166  150  127  107  159  205  102  95  98  114  185  122  115  147  187  142  136  152  127  105  105  125  125  121  108  97  90  96  141  119  147  173  158  116  149  130  90  172  108  131  154  173  97  68  113  155  162  87  91  117  103  112  149  134  160  135  101  118  81  115  126  113  167  116  114  154  135  139  116
148  146  159  176  185  156  148  205  204  114  156  140  204  159  157  192  255  231  161  136  164  229  110  145  251  231  159  294  173  194  188  185  208  189  147  197  267  158  173  141  135  171  175  204  203  161  169  163  212  153  261  216  189  176  158  165  120  187  173  137  128  236  124  178  134  134  200  152  199  165  163  181  209  216  249  161  158  184  139  132  228  145  213  175  199  184  172  163  168  188  178  283  183  196  167  153  144  201  206  139
168  243  207  213  183  190  175  340  215  229  232  237  179  188  279  227  224  290  216  183  204  282  264  221  229  308  202  220  292  273  317  252  267  275  160  248  235  244  168  176  182  155  237  248  227  176  327  282  206  195  210  288  206  246  199  168  202  349  214  189  215  263  248  325  230  231  179  247  186  284  259  171  280  297  172  179  228  183  168  184  248  202  237  294  339  248  282  293  210  219  244  236  225  224  318  274  231  275  200  218
245  233  353  274  401  287  326  303  260  231  260  267  279  388  271  416  291  345  285  210  227  404  254  314  306  406  225  413  260  233  285  271  370  353  291  386  331  256  233  279  277  326  398  287  283  315  396  288  292  318  238  339  328  343  444  253  223  375  278  319  274  404  284  359  215  288  216  240  324  242  296  247  451  279  245  388  349  347  257  217  337  288  289  270  343  289  220  524  180  286  304  316  304  246  242  323  362  294  309  230
384  366  385  427  304  406  309  491  310  283  228  425  330  374  334  371  474  375  342  298  286  587  326  430  406  349  319  481  388  381  292  381  439  350  367  488  470  334  332  361  322  355  622  329  375  435  297  327  428  358  403  362  382  274  366  387  379  480  327  400  321  570  324  288  408  294  302  354  347  435  381  382  500  466  475  388  335  542  324  291  380  390  358  660  382  394  468  494  326  482  382  356  296  361  361  291  393  412  412  297
430  436  428  477  542  444  485  352  486  547  312  485  603  391  399  525  439  457  565  404  400  473  414  546  455  483  521  402  406  344  436  396  453  593  341  530  605  460  392  422  562  411  483  552  489  474  599  420  414  445  392  579  478  419  543  442  428  432  369  503  464  480  448  370  427  496  469  429  356  417  623  485  570  580  493  453  498  481  437  381  336  526  525  377  598  411  603  507  321  531  486  631  401  475  600  456  363  427  561  349
396  454  422  581  477  451  519  602  502  704  516  582  519  437  696  782  792  579  488  520  357  673  636  426  551  677  589  428  440  448  578  576  645  686  431  480  615  337  393  495  554  443  512  569  585  636  516  443  592  443  448  607  491  522  448  382  489  651  539  503  436  570  401  665  538  438  461  675  460  430  612  503  791  510  486  604  490  414  376  477  623  484  608  637  676  551  600  778  373  521  605  721  455  550  488  369  502  867  594  451
476  599  652  606  609  599  551  621  524  576  401  601  655  610  602  524  935  530  577  522  574  635  600  570  933  638  441  587  532  574  472  794  679  623  432  740  704  520  617  492  655  577  781  584  680  880  651  577  500  474  506  717  734  715  525  542  575  757  412  477  681  756  619  561  666  593  601  615  547  460  513  655  667  546  667  533  646  591  471  500  604  597  554  533  658  678  523  719  642  646  711  725  630  662  510  686  592  739  655  534
580  719  626  592  827  1057  544  722  718  571  517  645  780  537  781  799  623  1000  761  482  512  656  766  667  649  824  555  534  722  545  581  849  710  755  470  546  671  597  627  798  591  526  765  672  581  791  602  1008  764  696  688  545  855  596  467  841  635  664  692  781  805  885  707  607  621  734  667  795  583  552  672  736  716  709  685  695  804  612  604  570  580  842  662  753  829  690  628  918  491  818  649  664  453  699  671  574  739  768  674  584
593  922  712  705  731  888  776  724  917  628  603  833  654  635  789  604  928  814  837  689  919  746  529  676  736  899  706  1008  721  593  745  789  844  835  850  1139  916  607  764  672  925  896  941  584  823  890  805  736  779  700  852  1082  1058  652  887  677  738  718  674  908  748  857  564  940  742  715  532  731  629  741  798  803  772  743  615  701  1062  873  688  612  723  803  743  866  772  766  692  698  676  843  777  698  841  786  870  933  836  756  948  618
863  891  649  854  1194  1196  705  773  772  728  685  766  784  732  791  941  944  1024  1014  620  817  952  784  700  956  923  695  708  879  1067  877  1015  881  747  735  743  1320  709  623  661  978  711  843  904  764  950  926  1037  638  644  827  900  755  839  839  780  661  944  747  723  901  1045  853  744  896  1049  771  856  912  965  1064  1037  789  852  720  866  915  749  808  902  728  711  1285  1025  938  887  704  1082  720  663  936  819  892  991  996  994  607  999  1029  764
908  935  786  1536  944  880  953  904  989  825  969  786  1017  848  1014  826  1099  987  1079  885  1056  1032  1039  919  1109  1017  784  1077  895  1076  790  1044  988  896  878  1056  1429  940  845  1031  760  859  1083  942  1083  936  768  1037  946  1030  1145  858  992  851  823  1035  962  1316  755  894  953  1155  813  1034  716  1232  1063  1015  744  846  1068  827  911  934  779  935  1176  1016  779  762  815  1034  1266  976  1142  965  1011  1175  794  920  841  1030  981  875  971  787  1032  1095  1094  851
925  1073  835  924  799  1325  1079  1104  930  1113  870  1080  1165  1034  1185  1190  1259  1190  1062  852  1060  1289  1016  1096  1112  1165  776  1215  885  897  1001  1119  1195  1239  880  1123  1062  954  912  1051  896  953  1194  1007  1201  981  1031  1074  1102  982  877  1091  1100  824  1009  1095  1142  1299  904  1068  889  969  899  1497  896  1109  928  941  1393  1000  1287  1018  1016  1153  708  1010  1121  973  741  1055  1076  1139  864  852  1148  1023  1053  1116  979  925  1149  942  759  1192  974  1055  1085  1197  1176  904
1027  1004  1128  1247  1103  1078  890  1200  1085  1299  1001  1617  1347  805  1103  1217  1246  1336  1082  1319  1124  1547  1161  975  1179  1539  1135  1561  1087  1107  1185  1318  1088  1511  1215  1214  1377  1067  881  1003  1025  949  1024  1245  1099  1153  1335  1080  990  1089  1081  1397  1054  976  937  892  822  1127  1108  1063  860  1187  1235  1083  991  1178  1029  1059  1161  905  1270  1055  1460  1213  894  1167  1108  1147  914  1009  1002  1464  1132  1156  1027  1257  940  1323  892  1222  1444  1265  1214  1325  1062  946  1155  1236  1282  1109
1011  1234  1021  1185  1322  1133  1135  1349  1272  1137  978  1265  1105  1054  1009  1424  1663  1562  1266  1098  1477  1365  1199  1111  1388  1417  827  1401  1047  1763  1197  1183  1253  997  861  1344  1910  1263  1371  1120  996  1264  1090  1793  1220  1374  1129  1260  891  1144  1060  1085  1310  1156  945  1507  1088  1403  983  1033  1277  1114  1069  1144  1109  1269  1137  1112  1297  1032  1372  1050  1359  1456  1125  1107  1145  1039  950  987  1245  1141  1386  1142  1675  1081  881  1584  1018  1338  1282  1269  1182  998  1385  1339  1078  1364  1414  1267
