15  17  20  16  11  21  15  24  23  20  15  23  16  14  19  15  16  20  16  12  15  21  10  13  29  18  17  18  19  18  21  15  21  15  18  19  18  16  12  16  13  15  29  22  21  24  20  17  14  14  14  24  19  16  13  18  16  16  18  15  19  14  14  26  26  20  18  11  19  15  16  24  28  18  25  13  21  16  13  16  15  22  25  15  23  20  17  21  13  17  14  19  16  27  17  16  14  23  16  14
54  41  43  57  39  36  46  54  61  37  39  43  41  38  40  64  75  31  46  37  43  46  40  32  53  38  41  63  67  42  37  64  44  35  38  53  42  42  45  26  43  43  65  34  49  59  59  64  33  35  27  50  88  50  54  40  29  65  34  37  38  57  35  55  55  38  38  35  56  26  53  61  50  45  49  43  71  64  34  33  47  57  54  43  78  44  36  88  37  45  47  40  34  40  73  38  37  48  63  44
69  88  74  93  69  75  72  100  64  104  77  62  80  65  94  75  111  101  101  77  83  94  70  81  97  102  80  72  74  97  74  89  91  71  60  88  103  85  55  63  68  63  96  95  105  99  78  106  91  56  74  108  81  75  63  105  85  82  71  69  68  76  70  86  86  88  56  59  109  67  98  77  98  118  107  84  86  80  67  92  78  87  80  94  73  93  52  65  61  81  84  95  93  74  99  80  76  82  92  65
89  115  110  129  96  109  128  159  99  112  111  118  124  125  131  142  117  120  129  106  98  156  95  92  133  104  127  141  138  167  120  150  116  145  74  132  164  93  100  127  118  78  135  175  108  130  115  99  158  137  117  157  124  152  120  127  119  96  112  75  100  131  127  144  157  85  130  100  134  91  181  105  144  128  106  113  133  125  90  153  90  105  89  183  136  110  110  124  95  108  138  136  111  140  133  94  89  115  269  106
143  193  124  206  143  140  118  143  190  125  157  170  122  199  193  179  183  176  162  132  141  200  201  162  187  225  150  209  164  134  169  281  185  208  184  215  165  210  124  175  133  224  231  187  196  185  191  158  135  149  147  217  190  149  170  143  135  129  159  203  126  201  193  194  153  162  170  128  188  147  185  248  217  199  151  165  281  159  155  123  155  215  185  190  171  187  177  179  161  110  186  189  123  259  207  145  178  176  239  172
239  172  187  244  285  242  273  249  205  258  225  207  164  281  224  340  341  252  234  210  228  222  209  153  271  251  262  271  288  265  221  209  211  303  168  263  256  228  198  212  338  222  291  242  268  282  223  259  254  196  245  311  231  201  238  208  265  259  198  182  216  257  190  260  263  242  206  187  234  216  291  188  225  351  213  189  297  302  203  177  215  255  187  245  230  237  253  275  169  247  306  197  198  197  205  225  205  231  223  211
237  251  314  333  265  364  310  244  271  253  240  252  299  288  267  369  321  272  283  298  228  342  254  195  334  314  254  305  410  252  305  272  295  331  244  324  276  254  289  335  305  257  390  290  333  280  309  295  291  296  244  237  260  311  220  221  260  277  246  278  245  356  218  323  415  267  228  251  290  226  347  240  286  231  327  382  337  288  212  269  301  294  287  380  280  225  294  287  220  355  242  211  282  279  314  356  281  312  272  191
235  312  343  340  349  398  273  337  243  448  345  318  418  242  301  342  369  463  418  243  379  398  297  310  417  438  310  349  327  353  273  431  349  307  292  558  357  335  267  296  361  370  373  356  426  314  372  328  339  290  351  417  315  323  279  422  227  369  325  298  388  408  375  380  388  345  412  318  317  264  413  307  481  329  346  296  456  379  284  287  258  380  418  383  360  274  298  343  238  362  407  395  411  478  361  339  374  439  450  259
361  418  489  488  406  462  365  402  333  345  368  637  377  380  435  464  481  395  411  351  428  395  348  338  416  477  402  511  354  356  407  438  373  393  478  484  468  444  361  411  398  445  525  417  468  354  403  369  369  408  409  470  388  429  383  363  309  424  376  402  326  379  389  540  449  401  396  398  330  329  453  313  525  321  416  387  435  411  319  402  474  377  446  634  484  656  383  486  452  436  381  414  387  375  521  458  351  408  476  370
428  450  446  422  358  595  430  461  523  487  397  743  489  352  411  418  449  459  536  486  372  588  449  436  643  587  477  469  473  480  382  437  413  495  504  571  562  391  328  391  419  394  562  622  436  547  454  547  432  438  458  521  527  494  383  486  404  603  429  453  482  595  398  610  428  537  371  477  517  415  610  692  684  501  385  539  390  475  444  378  491  394  542  507  474  672  420  496  325  412  464  404  419  535  536  636  402  501  462  600
381  470  429  496  515  677  478  622  535  618  565  553  455  474  472  652  559  597  487  489  600  706  570  621  518  620  370  528  610  471  582  653  502  444  393  575  490  535  501  495  511  460  505  503  555  623  551  431  579  439  530  621  512  472  482  498  541  544  595  432  479  511  441  668  551  479  461  497  448  591  668  521  570  426  379  551  541  568  498  478  585  555  572  605  757  493  443  651  536  484  680  723  517  542  407  516  470  576  540  523
521  563  527  632  643  733  427  592  617  564  450  686  688  582  760  565  519  522  549  582  499  479  483  622  702  737  510  542  619  485  660  749  645  562  579  666  697  573  585  644  698  761  686  568  561  590  632  644  572  572  585  708  612  547  551  510  605  724  455  511  680  852  511  697  618  499  546  608  461  568  732  544  653  582  599  593  737  684  543  569  514  676  634  717  631  494  539  625  553  729  507  550  630  667  470  531  536  724  980  455