83 57 139 157 63 66 114 107 98 198 111 108 122 139 128 174 159 150 102 85 60 192 26 45 300 110 69 128 70 170 113 133 363 195 60 148 224 114 93 73 143 42 150 190 219 184 136 89 127 88 43 99 150 98 53 76 92 323 47 175 97 222 84 134 131 164 90 61 115 64 91 104 188 66 70 84 184 181 113 77 67 163 150 371 159 99 81 215 39 77 125 77 74 252 120 81 96 243 62 89
178 204 153 377 158 169 214 428 348 182 157 283 139 190 238 326 211 273 394 296 253 221 96 130 376 307 220 273 268 251 261 239 341 317 149 350 526 200 139 143 225 169 439 267 439 264 327 302 256 132 221 337 375 158 214 346 234 180 159 281 219 319 191 398 205 343 165 122 186 223 324 521 229 205 233 238 427 368 193 171 131 435 510 375 399 218 125 447 175 382 245 278 203 234 312 216 244 424 168 224
255 302 211 345 378 357 387 487 560 627 260 479 431 367 419 578 406 334 622 253 346 642 260 217 648 574 435 650 383 479 229 438 402 646 341 616 583 314 358 287 390 259 618 480 499 691 551 410 505 260 355 399 625 420 371 481 296 499 287 411 274 519 377 605 375 279 348 378 351 357 383 467 699 463 330 397 585 464 216 373 314 416 475 425 757 245 381 292 169 357 568 727 289 422 373 224 241 759 446 380
452 403 371 609 871 461 555 896 764 541 421 820 535 465 824 731 858 464 580 486 555 739 554 399 957 562 425 531 523 613 538 735 1083 575 492 717 981 431 396 429 479 905 658 672 758 1018 663 654 715 554 497 539 718 643 523 475 430 519 456 704 510 724 735 834 729 568 522 358 966 433 820 773 945 658 363 556 874 866 410 474 619 521 513 841 808 771 650 453 517 396 632 579 574 901 569 490 717 643 733 512
656 709 771 870 841 771 732 1055 949 560 755 651 975 800 775 1025 1205 1222 742 639 723 1179 514 576 1368 1073 766 1431 741 942 861 970 980 1086 649 958 1303 713 863 655 642 732 944 924 1083 906 835 771 1011 733 1255 954 988 833 690 803 560 823 833 773 627 1182 581 1151 722 668 936 711 996 751 724 967 986 1232 1146 736 775 844 606 569 1026 830 1173 872 933 932 825 786 734 844 938 1401 867 857 831 731 594 1079 990 601
717 1050 1017 1047 795 813 811 1706 970 1241 1051 1165 777 813 1357 1109 1190 1285 1181 863 989 1348 1284 1018 1121 1454 890 1106 1331 1448 1562 1206 1485 1208 775 1262 1218 1188 701 701 963 699 1231 1249 1221 891 1435 1269 995 905 916 1371 981 1113 841 876 1008 1715 923 861 1070 1250 1162 1475 1017 1087 823 1035 929 1306 1204 764 1501 1435 798 865 1258 877 723 777 1110 1013 1166 1327 1660 1073 1255 1296 855 1027 1199 1093 946 1033 1527 1255 1118 1351 852 986
1045 1003 1541 1326 1773 1374 1517 1538 1284 1122 1003 1248 1125 1653 1209 1911 1435 1650 1310 853 991 1928 1119 1500 1384 2085 1102 2020 1330 1147 1425 1298 1670 1834 1383 1802 1718 1093 1074 1206 1287 1543 1825 1223 1358 1471 1979 1349 1380 1401 1095 1567 1740 1530 2117 1267 1083 1796 1335 1414 1218 2194 1238 1657 1002 1347 979 1049 1607 1026 1488 1302 2012 1315 1047 1730 1809 1666 1186 968 1583 1394 1389 1303 1494 1431 1022 2462 799 1479 1426 1507 1516 1133 1097 1551 1681 1470 1488 1006
1709 1696 1674 2009 1500 1975 1341 2250 1307 1203 987 1879 1441 1702 1470 1843 2128 1815 1607 1314 1311 2798 1496 2052 1939 1787 1400 2308 1754 1762 1464 1699 2029 1690 1586 2284 2243 1458 1457 1742 1510 1559 3259 1468 1950 2044 1304 1479 1941 1672 1804 1930 1879 1335 1607 1903 1844 2216 1447 1828 1597 2604 1452 1379 1926 1624 1512 1642 1931 2015 1785 1683 2482 2236 2204 1811 1720 2507 1473 1306 1679 1836 1776 2983 1827 1970 2377 2175 1358 2230 1716 1674 1346 1778 1625 1318 1835 1868 1939 1425
1822 2178 1977 2043 2364 2037 2143 1611 2268 2625 1317 2452 2871 1697 2032 2445 2109 2140 2746 1778 1927 2291 1735 2333 2013 2244 2243 1754 1995 1597 2318 1930 2203 2743 1562 2484 2794 2087 1897 1760 2296 1968 2488 2513 2310 2304 2706 2002 1827 2065 1799 2711 2303 1910 2498 1874 2078 2001 1656 2260 2145 2187 1849 1629 2061 2123 2099 2026 1626 1908 2900 2243 2811 2825 2249 2254 2466 2262 1921 1652 1539 2570 2460 1756 2767 1790 2750 2423 1507 2713 2553 2880 1695 2137 2871 2034 1638 2022 2741 1487
1847 1979 1933 2675 2152 2191 2316 2916 2422 3180 2317 2579 2392 2103 3375 3583 3599 2878 2153 2343 1591 3352 2939 2100 2591 3190 2689 2088 2089 2210 2606 2787 3256 3197 1937 2205 3076 1594 1766 2319 2501 1911 2328 2749 2705 3230 2447 2050 2621 1884 2127 2841 2481 2364 2016 1871 2342 3126 2539 2417 2061 2655 1854 3088 2447 1898 1962 3121 2122 1845 2798 2291 3790 2630 2167 2764 2422 2002 1715 2274 2940 2259 2960 2940 3087 2566 2822 3665 1708 2625 2728 3447 2019 2502 2156 1626 2342 4004 2735 1906
2212 2756 3022 2760 2792 2669 2438 2996 2348 2810 1932 2831 3250 2764 2836 2630 4592 2680 2682 2243 2543 2825 2708 2695 4281 2959 1965 2687 2522 2698 2112 3988 3185 2657 1781 3523 3276 2383 2976 2237 3097 2660 3592 2696 3277 4083 2958 2595 2433 2257 2273 3488 3609 3157 2461 2560 2620 3472 1942 2145 3298 3524 2798 2554 3297 2655 2723 2981 2584 2082 2317 3004 3051 2817 3277 2483 3038 2808 2084 2207 2872 2829 2631 2641 3001 3081 2361 3507 2875 2997 3326 3447 2843 3202 2563 3287 2598 3709 3057 2445
