#seeds 1-50, distances 2-10 diff 4
80 46 130 135 75 110 84 190 83 57 111 104 145 76 138 91 197 61 153 69 79 280 101 53 174 165 76 150 160 76 111 143 190 141 97 157 182 53 65 82 62 50 88 135 156 172 158 142 98 62
142 185 170 581 250 171 262 181 214 191 213 259 164 223 227 325 260 267 290 303 220 305 149 143 266 264 167 176 177 230 249 332 392 274 193 347 290 160 177 249 128 157 338 279 282 253 329 285 480 142
379 269 271 370 292 377 372 346 287 349 325 311 347 252 327 374 539 603 402 362 541 453 375 283 380 476 397 615 350 467 347 497 481 599 251 433 470 277 408 317 341 486 405 405 543 411 337 446 390 263
634 453 384 570 431 537 648 865 544 491 472 681 632 607 559 680 861 492 535 330 559 813 443 408 716 492 472 529 704 676 573 897 859 767 606 1167 659 488 431 385 450 518 464 815 434 814 474 458 611 453
640 963 632 991 718 978 431 1084 754 1341 516 545 748 756 564 732 762 716 820 821 699 1185 802 709 989 849 560 837 942 880 835 1088 904 813 873 1001 1358 670 609 629 840 440 915 1023 748 1163 854 633 819 593
1019 794 625 1019 1127 996 903 981 1015 941 680 1362 1219 787 782 1184 1331 1240 1055 1036 1243 1250 669 1002 1308 1330 998 1189 992 840 849 1146 1583 1171 947 897 1034 817 791 1186 1232 839 1002 1409 1165 967 1126 1189 994 865
1235 1271 1098 1191 1229 1490 1071 1256 1509 1335 1048 1627 1366 1226 1530 1154 1479 1266 1304 994 1227 1701 1030 910 1882 1248 1056 1856 1355 923 1407 1604 1555 1562 1160 1858 1515 897 1107 1127 1410 1040 1211 1696 1336 1574 1381 1710 1122 992
1087 1321 1209 1886 1588 1676 1190 1985 1707 1467 1250 1400 2267 1472 1987 1830 1941 2273 1724 1367 1390 1522 1575 1596 1928 1667 1075 1499 1759 1683 1385 2140 1608 2264 1011 1824 1330 1622 1271 1723 1061 1798 1821 2004 1865 1280 1306 2207 1917 1380
1356 1958 1546 2393 1360 1530 1370 1825 2060 2132 1186 2027 1532 1528 2230 2093 2013 2075 1833 1582 1529 2916 1512 1870 1971 2198 1603 1673 2187 1925 1620 2099 2147 1594 1401 1824 2043 1744 1254 1571 2163 1652 2045 2485 2242 1773 1888 1755 1862 1409
