# steps for memory 20 new particles, diff 2 cutoff 30 neural network 
12 12 12 15 12 11 12 17 13 12 14 13 13 14 15 14 14 12 15 13 12 16 11 11 17 14 13 13 13 14 14 14 17 16 13 14 16 12 13 11 13 11 15 16 16 17 20 15 15 12 12 13 16 13 11 13 12 12 13 13 13 15 14 16 13 12 11 11 12 12 12 13 18 13 13 12 16 16 12 13 13 17 16 16 15 15 11 15 11 12 13 13 12 15 14 12 13 19 11
25 23 25 31 24 25 24 34 27 24 26 29 25 26 27 30 30 24 32 26 27 33 22 23 35 31 26 27 29 27 26 28 32 30 25 29 29 24 26 23 25 23 30 29 34 32 31 28 34 23 23 26 31 25 22 27 25 25 25 25 26 33 25 31 29 24 23 21 25 23 26 28 33 29 25 25 35 31 24 27 26 31 30 31 29 28 22 33 23 28 26 29 25 30 28 24 26 33 23
38 35 46 45 49 35 37 48 40 37 39 42 39 41 43 48 47 40 47 39 39 50 33 34 56 44 38 40 52 40 42 47 62 44 38 51 50 36 43 34 43 39 45 49 49 47 55 42 46 35 35 41 53 42 38 40 44 42 39 40 40 48 39 46 46 42 36 32 40 37 38 46 51 45 41 38 53 56 34 40 37 47 48 51 50 46 35 48 38 40 45 42 40 46 42 35 39 48 38
51 53 54 65 51 57 56 63 55 65 57 57 59 58 58 69 59 62 68 52 58 73 44 48 69 68 52 54 59 55 57 72 74 64 51 59 64 49 58 54 59 53 60 57 74 66 68 59 57 50 50 61 61 55 45 60 60 55 52 70 49 79 55 71 67 50 54 47 52 51 67 65 65 65 67 60 66 68 48 56 53 64 64 75 63 62 46 59 47 57 58 64 55 60 57 49 57 67 60
72 64 65 84 68 65 68 88 71 94 72 69 78 68 70 77 79 96 87 68 73 91 61 58 87 75 68 77 76 82 78 78 89 83 67 84 92 75 70 63 75 62 78 103 82 86 83 71 90 68 69 74 79 77 61 70 65 85 66 81 69 80 67 91 94 69 86 62 87 63 80 79 86 88 71 98 84 82 64 69 71 81 76 103 95 74 64 82 60 71 69 75 69 80 73 68 69 89 61
79 70 86 98 82 108 86 105 93 93 88 90 103 94 95 94 132 102 108 88 81 102 76 95 125 94 80 93 89 100 88 110 128 116 90 90 106 83 78 82 80 98 103 92 105 101 111 116 91 83 73 96 129 76 94 82 110 106 80 98 81 113 88 94 94 96 89 65 95 77 106 86 117 103 82 91 120 115 85 87 104 112 100 99 117 90 80 99 81 101 93 100 87 95 99 78 95 110 75
109 86 97 121 107 131 95 152 104 112 95 104 108 101 133 122 117 100 118 106 92 136 105 112 121 126 106 129 127 128 109 119 137 114 102 112 130 112 101 115 93 96 154 131 161 122 146 116 112 107 107 114 131 97 104 119 112 150 99 97 110 123 98 125 105 113 115 91 114 84 152 119 131 146 91 112 132 117 102 102 107 133 110 129 131 127 97 145 93 133 116 111 103 132 116 89 108 146 99
134 117 113 134 128 141 109 164 123 115 112 218 134 127 158 181 176 169 147 120 110 167 100 112 148 151 115 124 160 124 118 144 157 137 127 129 158 142 118 113 114 111 172 154 158 160 161 143 152 126 126 156 146 131 111 148 152 141 113 132 129 148 118 177 136 121 105 108 137 116 132 131 150 133 115 138 156 148 99 127 119 155 166 140 157 155 112 159 126 134 139 135 123 144 154 136 108 165 169
138 147 144 185 161 166 134 231 158 126 123 136 143 126 177 180 167 120 173 147 164 218 135 115 161 177 138 166 159 145 173 169 201 165 121 161 229 148 139 147 132 124 177 177 184 177 173 161 160 136 137 156 154 154 154 152 149 162 146 159 152 176 140 183 155 139 136 152 135 141 187 136 167 150 133 142 190 179 117 134 135 168 171 162 190 141 139 161 139 171 171 145 160 145 153 168 142 197 174
179 172 180 183 164 182 154 179 160 148 138 187 158 147 183 207 213 211 193 154 219 201 137 143 172 166 172 170 196 198 173 186 239 207 172 224 202 169 164 167 182 163 165 191 218 199 203 167 193 132 130 185 229 169 136 232 159 206 162 161 153 189 149 268 186 188 157 145 179 170 198 182 212 222 140 170 193 213 145 163 165 221 189 224 208 168 171 212 145 180 206 190 199 232 186 183 182 227 191
