#memory 2 steps diff 2 cutoff 30, distances 2-20
13 14 13 18 15 11 12 68 13 12 20 13 13 14 19 22 28 12 21 15 12 20 11 11 19 19 14 14 14 16 72 16 17 22 13 21 22 12 14 11 13 11 52 14 18 17 22 19 16 12 12 26 18 13 11 13 14 12 13 13 14 18 14 18 14 12 11 11 13 12 12 14 215 14 89 13 18 89 12 14 16 20 32 21 15 16 11 19 11 12 14 13 13 17 22 13 14 17 11
24 27 33 33 24 54 35 36 28 24 27 30 25 27 29 31 39 44 49 43 26 130 22 22 32 42 65 27 34 31 31 29 34 72 25 43 31 30 42 23 166 22 65 34 80 44 52 162 31 27 23 99 31 27 22 38 27 27 50 28 108 40 64 33 28 63 25 21 34 24 45 28 34 34 25 33 178 119 24 27 28 34 33 90 32 61 22 30 23 61 28 32 26 47 52 44 42 33 24
37 39 46 54 104 127 42 86 43 37 47 57 114 110 82 77 45 40 47 58 37 100 124 34 101 144 40 44 47 99 117 78 62 116 58 82 71 37 90 34 43 37 74 49 51 92 55 86 95 86 36 40 46 122 34 80 181 56 94 40 132 121 85 75 72 82 102 58 45 74 69 43 59 63 47 38 84 46 37 46 95 69 82 76 123 44 34 49 37 42 49 50 57 115 79 126 156 54 50
101 78 56 78 94 243 50 65 63 60 64 89 91 54 111 77 77 76 60 73 50 120 55 189 131 99 67 55 89 64 90 73 143 73 100 67 58 94 130 78 54 77 115 109 74 66 147 61 88 47 52 109 88 77 45 54 60 97 106 61 119 109 120 179 94 75 51 49 54 50 95 146 114 59 50 107 63 187 149 130 54 101 72 74 109 61 83 90 45 76 70 61 63 61 63 58 76 87 80
204 68 90 100 124 179 198 132 144 127 70 95 97 65 106 105 100 104 81 69 209 82 58 60 92 175 104 89 88 73 69 92 157 156 84 102 331 119 73 63 90 108 266 171 86 98 206 100 93 104 78 241 98 62 56 102 137 473 101 85 90 169 109 100 87 95 59 55 80 58 200 78 94 139 94 169 118 175 58 180 154 127 77 193 441 92 64 136 133 80 89 78 136 121 73 205 169 81 70
107 180 167 214 75 268 113 139 84 81 163 121 101 95 88 99 547 74 103 91 193 156 95 132 136 216 109 215 199 114 109 109 318 133 207 91 139 143 132 124 115 214 226 106 110 104 270 134 228 156 102 181 130 104 80 191 118 224 134 77 119 91 77 169 237 162 81 64 87 120 148 101 98 272 146 83 125 165 144 164 104 134 96 153 99 167 337 93 81 105 205 138 85 114 116 168 137 151 161
301 81 287 123 213 89 94 388 209 143 163 143 304 132 125 295 124 87 129 211 131 317 136 79 117 300 173 190 143 105 219 246 138 224 119 123 191 258 100 164 218 351 232 160 155 124 243 112 207 80 142 221 400 110 84 108 336 139 108 203 123 121 145 177 120 143 100 244 117 93 104 185 192 212 152 93 146 276 256 134 98 115 108 165 393 184 187 230 316 357 90 479 121 108 136 185 97 157 181
127 194 150 200 184 282 112 193 158 109 133 266 519 480 374 152 222 180 179 105 235 159 110 211 401 715 128 121 262 111 169 161 274 189 119 246 158 113 128 176 119 101 287 193 161 191 147 415 170 213 255 134 153 144 92 280 109 262 122 158 149 302 221 128 220 244 121 175 112 353 207 141 282 202 149 135 282 288 92 118 174 136 279 205 162 178 132 122 132 201 140 114 117 153 178 233 138 187 180
243 491 153 173 890 189 144 181 200 175 302 197 241 256 154 352 182 413 232 194 127 253 168 261 148 137 205 280 246 199 159 154 277 176 136 135 261 178 249 148 326 140 322 185 256 678 173 272 171 338 190 272 282 243 225 288 211 139 158 199 380 299 179 186 234 176 109 195 144 210 340 241 199 283 202 322 201 168 460 155 158 249 222 502 323 276 317 209 208 417 529 515 214 156 224 191 194 310 119
224 114 175 223 160 335 144 187 195 199 211 243 127 370 259 225 163 235 163 275 344 257 369 124 255 377 258 443 441 373 209 1058 246 150 154 180 339 324 159 197 145 173 353 303 171 246 250 294 225 261 222 297 159 261 113 187 301 307 206 323 300 176 379 609 268 133 362 502 213 175 289 189 476 249 264 280 416 230 233 183 528 217 316 326 275 293 301 226 267 221 174 241 147 456 240 131 271 218 388
278 157 249 327 145 200 153 257 236 304 265 319 234 294 228 219 237 158 361 264 145 372 327 198 277 447 267 188 204 297 204 338 404 220 447 591 252 145 168 131 162 134 571 491 319 297 404 181 272 253 704 249 221 138 139 352 364 235 453 272 497 320 198 181 246 195 376 244 480 268 388 205 436 211 615 254 322 508 184 255 614 341 345 405 299 202 194 253 267 224 194 459 176 495 250 270 161 242 630
324 244 198 394 273 324 301 328 231 328 252 247 372 206 260 357 427 182 295 417 283 293 303 447 293 822 252 168 245 313 522 331 404 285 375 294 354 283 183 212 414 264 448 261 219 408 192 225 317 177 278 402 634 264 183 212 328 224 251 353 377 270 209 588 325 254 423 162 244 202 317 352 316 181 258 300 265 223 161 530 308 399 383 291 216 194 231 334 197 367 259 265 288 346 226 595 376 227 453
292 162 334 401 195 303 327 241 437 341 342 276 218 215 496 676 449 1274 546 202 308 375 308 354 254 462 198 404 401 268 328 329 335 327 299 233 415 233 226 415 535 253 284 282 339 496 367 274 257 723 236 220 229 370 305 252 323 323 325 377 295 439 311 412 514 474 157 477 247 468 247 528 499 303 207 576 324 421 329 219 422 235 391 341 319 243 261 356 405 338 420 238 233 307 353 416 308 223 602
276 258 241 271 459 304 382 498 326 516 396 295 448 307 523 527 563 174 268 401 472 349 290 291 271 356 543 325 297 387 523 308 235 557 232 318 321 208 220 250 336 262 350 501 317 281 383 543 362 214 388 388 311 325 255 838 471 464 306 361 424 278 335 345 222 281 529 425 331 473 824 263 377 431 314 297 655 401 334 223 252 640 326 585 263 326 203 583 529 247 408 376 211 421 261 458 304 332 292
348 473 387 256 289 469 477 686 347 262 304 269 307 259 439 376 399 795 443 281 626 403 401 346 510 431 351 395 270 535 360 555 593 488 192 610 803 243 310 209 409 387 850 882 341 461 442 438 531 383 306 314 318 200 195 481 362 388 356 296 345 343 314 514 358 349 356 256 292 453 478 493 315 357 371 404 396 626 393 442 521 431 299 301 617 376 292 557 372 359 302 375 226 601 471 405 233 587 295
267 211 386 413 260 455 220 396 294 343 390 352 462 227 292 500 681 393 425 363 459 310 399 355 408 318 470 626 552 430 322 457 630 405 504 601 376 319 344 401 386 277 521 658 483 429 377 374 591 252 350 442 814 755 567 421 501 347 233 1205 777 383 339 284 420 306 263 296 359 254 327 284 287 864 377 401 420 936 408 361 282 401 620 545 317 393 301 449 250 443 517 926 414 578 242 318 274 748 560
465 619 241 486 324 548 515 341 365 475 363 348 264 283 744 369 426 586 652 303 313 564 325 284 446 304 285 803 356 480 551 656 869 348 327 860 702 398 387 371 690 314 380 701 365 484 380 409 406 299 377 509 1258 522 421 494 409 721 328 296 336 464 385 633 438 454 222 592 375 329 345 745 411 445 393 481 520 435 350 503 301 437 967 980 496 670 369 517 493 395 345 773 316 411 430 657 268 368 488
345 519 276 448 714 600 415 342 713 445 325 330 662 389 304 768 315 400 492 341 464 490 369 214 909 412 622 381 388 692 394 640 608 411 341 676 317 302 640 310 285 348 465 451 467 452 409 503 640 376 628 554 525 395 541 438 652 359 331 392 518 334 436 639 565 359 607 441 305 369 484 473 484 596 399 482 343 653 347 555 479 604 509 670 305 269 313 812 566 420 588 367 311 502 440 374 408 341 533
388 334 369 818 442 340 363 580 1047 520 428 373 302 441 407 588 383 795 331 436 691 955 285 562 401 319 288 640 724 793 592 886 478 516 309 361 682 360 353 301 334 560 365 449 603 408 675 333 388 417 636 921 629 401 378 632 430 495 385 588 317 472 530 467 493 295 385 252 482 538 402 698 686 385 478 485 627 551 348 397 608 1200 480 373 609 603 532 446 332 411 796 653 502 501 569 412 257 679 603
