# 100 seeds, distances 2-14, cutoff 20, diffusion 1. 
863 137 890 276 159 124 114 126 837 122 133 112 112 327 140 134 145 536 124 202 129 125 111 113 118 137 165 902 132 125 885 120 127 120 118 322 133 112 147 120 116 113 349 126 1213 141 116 569 121 112 191 821 143 115 126 113 129 118 115 118 121 195 113 741 117 368 113 110 114 119 111 365 135 121 114 122 219 143 882 375 113 145 131 130 134 262 150 143 997 116 273 118 576 836 117 514 341 812 117 118
163 126 227 876 134 213 128 794 415 150 155 496 595 2195 135 398 368 394 418 774 362 792 1764 123 580 700 178 141 216 162 1118 316 993 253 153 973 211 144 180 356 285 604 775 328 551 158 967 1483 139 139 124 523 373 313 163 130 145 218 727 905 681 694 512 1039 185 126 140 121 304 943 902 220 177 192 447 1005 371 191 554 381 243 182 366 1141 193 239 584 428 390 300 408 192 133 851 2248 130 128 191 498 566
161 463 752 274 1707 181 234 313 272 1218 299 401 378 157 712 218 328 219 1121 563 1039 209 202 670 446 181 186 1041 399 270 237 1932 497 831 445 196 334 226 194 888 441 133 623 462 498 970 658 987 333 220 141 387 279 975 663 391 1166 618 410 388 291 163 142 427 1395 229 568 447 168 198 537 267 281 181 159 503 461 486 155 727 144 547 254 591 268 164 536 1677 821 353 159 185 141 1368 168 163 617 328 559 664
151 696 780 492 671 755 260 337 616 544 874 630 164 626 317 667 277 353 1172 553 580 482 166 150 453 612 183 161 395 530 648 1066 411 315 405 386 311 567 507 151 409 646 492 308 269 1043 216 877 212 568 1590 1466 1172 370 825 993 441 180 492 204 234 821 749 271 575 732 164 152 235 273 564 1102 270 301 568 300 823 350 257 556 1110 1407 387 1188 276 166 189 274 482 470 425 1727 847 698 165 510 166 638 183 237
717 405 404 1169 589 283 751 205 866 1114 314 2046 339 397 804 457 958 181 338 1027 746 640 239 616 263 426 387 1056 648 402 533 1223 601 769 279 185 694 224 195 625 394 560 416 295 289 375 276 1423 1136 674 195 890 955 890 299 593 539 720 487 506 286 781 471 1462 175 370 394 716 1319 1413 328 652 831 332 247 652 348 415 480 349 175 326 1218 573 253 265 339 1522 186 241 609 489 554 1304 364 979 526 429 524 305
457 732 636 1180 715 1817 446 292 613 788 355 2320 401 1060 262 378 671 658 323 576 194 1829 511 177 1157 338 959 517 745 310 389 266 657 569 271 333 798 239 321 484 1226 476 1175 1194 786 653 318 603 303 330 589 535 504 357 545 218 594 244 434 209 1251 926 292 2117 328 195 260 172 1843 203 529 565 602 274 762 322 1456 370 993 508 255 886 345 1514 806 373 314 501 267 1243 2897 780 968 899 347 1135 375 737 999 227
991 592 305 1407 473 588 1687 551 456 502 409 682 286 369 330 536 276 1462 655 847 450 597 478 389 625 475 401 256 671 1705 493 1127 376 1045 313 322 880 888 1792 776 572 1046 479 403 323 597 530 627 435 228 190 273 712 228 462 1593 1638 464 427 921 730 314 584 655 807 1920 388 175 576 220 653 328 1136 430 450 390 575 504 803 562 750 2023 1712 299 490 826 246 524 263 357 646 440 217 1044 1489 1465 362 1651 1195 1500
321 813 921 1062 1345 621 316 1497 997 1561 918 1233 354 1724 331 718 262 697 1566 1160 259 2474 697 830 873 305 1397 358 283 495 381 464 870 259 552 266 609 1103 917 372 306 627 347 954 480 1932 745 410 1071 1521 319 907 1139 355 364 408 336 220 278 555 1122 611 438 998 966 511 991 312 615 945 270 289 438 294 258 280 676 1102 465 681 628 1068 1412 870 575 1062 376 470 658 563 401 607 821 829 563 344 658 910 274 580
420 511 678 777 287 1110 1891 590 695 1423 391 559 1514 948 481 1049 698 937 552 552 1124 285 430 351 278 564 510 1183 703 508 616 1202 467 417 623 845 734 468 1348 1015 755 362 1028 959 979 430 2084 712 810 859 450 500 357 321 963 487 334 1523 613 1056 383 455 1065 326 333 390 277 286 840 380 888 487 1606 1105 765 639 2171 643 384 638 895 1033 1360 424 881 482 566 639 1150 1272 240 471 356 604 782 692 258 507 2704 409
394 383 487 834 1923 2384 593 370 590 2212 777 297 857 787 1301 296 702 830 345 1502 547 519 630 782 697 1097 294 1150 788 1059 1011 669 409 854 762 1138 482 476 438 780 580 242 570 2362 503 603 1342 1227 593 241 264 1219 1027 321 2212 1866 418 1356 420 442 232 714 998 1948 1832 412 675 536 406 509 526 567 917 563 675 536 730 1043 230 376 522 606 786 727 472 488 401 808 270 633 740 1214 746 937 602 939 466 563 478 469
1025 691 1397 1170 410 1032 605 916 1253 432 2317 797 450 500 1156 1197 510 834 1422 905 1453 474 768 1304 1093 346 338 1009 339 376 423 756 1025 767 1277 294 610 525 1621 276 2567 533 721 1550 449 623 493 653 604 419 409 1611 616 982 503 269 791 1048 505 1277 1023 699 738 616 820 371 1377 231 321 1875 603 631 1110 781 801 629 481 474 1359 555 603 443 724 1443 342 874 408 900 862 620 1267 1442 1294 361 873 814 1132 822 598 472
641 750 263 1113 502 1330 1951 1195 1068 484 1073 620 525 940 1252 769 914 756 469 578 959 1101 331 425 801 657 469 840 537 1210 1139 922 1419 827 585 830 739 1057 905 476 702 1046 532 889 935 471 613 541 470 598 870 1002 1323 1760 1745 268 2781 514 841 468 1182 464 826 418 880 436 639 457 1321 1001 390 1274 1684 464 749 1282 537 2103 839 308 936 387 771 1702 337 588 502 833 736 498 805 767 556 2641 669 528 679 762 627 608
560 389 859 868 430 2092 946 1092 1753 749 718 640 516 690 1128 482 733 351 642 828 517 590 703 261 661 818 810 354 961 573 519 428 689 434 508 392 658 484 627 549 605 669 897 791 1055 995 1959 296 322 574 906 750 1054 674 1548 700 599 648 778 776 838 775 783 1275 490 943 1689 614 955 437 490 724 1713 571 456 489 1276 527 1779 982 1095 300 1190 757 1107 1710 556 1058 509 659 941 428 536 1022 384 266 508 497 683 528
