#Steps. dist 2-11 diff 2 cuotff 30 memory renewal 50 particles with 100 particle array
12 12 12 16 12 11 12 16 13 12 13 13 13 13 14 15 14 12 17 13 12 16 11 11 16 14 13 13 13 14 13 15 16 15 13 14 15 12 13 11 13 11 15 14 16 16 14 14 15 12 12 13 15 13 11 13 12 12 13 13 13 15 13 15 14 12 11 11 12 12 12 13 17 13 12 13 17 17 12 13 13 15 15 17 15 14 11 14 11 15 13 14 13 15 16 12 13 16 11
24 24 25 30 24 24 24 33 26 24 26 29 25 26 28 30 31 24 32 26 24 34 22 22 33 33 26 27 29 28 28 28 33 29 26 29 35 25 25 23 25 22 30 31 33 32 30 30 28 25 24 26 31 27 22 27 24 26 26 25 25 34 25 32 34 24 23 22 25 23 27 27 35 27 24 29 33 30 23 26 27 33 36 31 30 28 22 31 22 27 27 28 32 31 29 24 25 32 25
38 37 37 47 37 40 37 48 41 41 41 41 38 39 41 45 45 37 46 39 37 56 33 33 51 44 39 40 42 43 39 44 51 50 40 45 46 36 40 35 39 33 50 46 48 51 43 41 42 35 35 50 49 40 34 40 38 40 39 38 43 47 40 51 42 42 36 34 47 36 39 41 49 43 37 44 50 47 35 39 42 50 47 51 45 44 35 45 35 47 43 45 39 45 42 35 38 48 41
51 49 52 70 53 66 50 67 54 53 52 57 54 55 55 65 66 52 61 54 51 68 46 47 71 63 52 54 62 56 55 63 71 64 52 58 69 52 51 46 57 47 62 65 71 65 61 62 55 48 52 56 70 56 49 57 50 61 54 57 51 66 51 69 60 53 47 45 55 50 55 55 67 61 49 55 66 61 47 54 51 68 65 66 72 57 48 69 46 57 59 61 54 69 62 47 53 76 61
62 65 67 81 63 79 67 83 75 75 68 79 66 68 71 80 85 81 83 66 67 90 67 58 93 78 73 76 76 77 70 79 92 83 65 92 91 68 68 61 72 66 91 83 86 85 84 85 74 61 64 86 81 70 59 79 67 81 68 68 66 90 69 81 80 70 64 63 79 63 83 73 94 80 68 71 88 85 59 71 64 81 80 88 95 84 72 91 61 78 78 82 72 80 70 66 65 88 76
95 77 85 116 85 93 79 113 93 87 85 94 104 91 96 100 94 87 97 83 85 111 74 80 109 98 85 89 96 91 93 104 108 99 78 101 120 78 88 88 84 86 101 116 96 104 104 101 99 72 82 93 109 83 69 85 90 95 93 82 80 117 84 102 94 85 79 76 85 80 95 109 108 107 96 87 119 109 79 85 98 97 110 112 116 100 77 94 73 93 107 98 85 101 97 78 86 108 95
102 95 96 128 103 117 100 118 114 98 102 125 113 101 139 124 138 115 129 103 107 124 106 102 123 143 94 111 108 129 114 116 146 132 94 114 139 99 104 93 98 94 128 145 119 125 134 119 118 86 118 107 132 108 95 104 112 124 98 107 111 126 105 118 110 111 91 97 106 115 127 108 136 113 102 118 137 120 89 105 111 125 118 127 128 118 107 129 93 115 128 117 99 127 132 103 104 135 112
129 148 118 157 123 139 120 153 134 144 114 127 108 118 148 161 168 150 148 129 113 152 101 114 164 142 117 146 134 132 117 140 179 159 129 144 163 114 114 102 121 117 142 195 153 157 152 132 129 118 115 134 145 128 102 126 123 141 119 153 126 158 121 140 156 117 114 122 176 115 148 132 160 136 110 131 163 143 111 125 145 150 155 167 140 146 129 160 111 148 136 132 133 149 156 127 128 158 129
140 140 134 176 142 175 127 176 142 131 145 155 148 141 151 184 171 153 165 133 137 195 124 139 170 181 146 192 180 155 142 179 182 170 131 167 167 127 139 150 143 122 163 166 180 188 160 156 147 136 137 174 175 139 145 153 152 166 150 151 143 179 146 153 163 163 139 128 173 134 165 165 178 166 145 144 176 183 127 140 140 179 158 176 186 151 133 176 120 160 177 162 154 157 162 148 153 173 166
166 169 161 188 174 209 168 197 191 200 156 185 150 175 177 199 195 205 197 170 181 203 172 143 221 180 181 177 190 173 163 188 204 194 167 188 211 161 172 143 162 170 207 196 212 232 193 207 186 148 170 173 174 157 152 176 165 198 149 159 161 196 176 181 168 168 159 141 165 144 169 190 217 195 170 162 185 201 146 150 157 185 185 225 235 176 173 177 152 207 190 217 167 195 178 150 158 210 162
