#data collected for distances 4 to 21 seeds np.arange(11011) cutoff 30 diffusion 2
169 535 150 312 173 917 168 314 584 202 226 333 427 478 1026 552 380 172 171 925 434 212 136 138 181 1593 403 987 678 1434 963 206 465 477 461 1220 219 416 461 138 337 625 184 1848 603 690 827 860 711 1272 1653 141 190 1104 137 160 1003 161 203 203 436 403 161 559 164 384 211 1650 451 1154 677 447 706 264 137 652 1246 606 138 236 793 180 1738 263 256 142 293 665 663 309 268 1122 357 2223 3011 1117 181 320 159 322
189 161 1718 644 183 740 178 658 347 1015 266 304 437 478 1081 871 1595 900 1183 348 764 307 2269 1423 370 461 418 1110 379 404 350 640 755 445 399 329 1064 390 682 408 388 885 553 600 239 291 535 861 546 877 836 747 726 164 194 565 684 562 721 2096 283 1276 379 247 324 1914 527 155 789 164 709 500 767 735 999 2339 293 911 163 374 1342 651 307 256 277 189 1428 1121 596 452 2477 367 303 774 830 577 194 817 1675 405
195 534 805 802 278 375 273 492 705 209 750 1014 423 284 323 1125 494 317 1023 1473 617 416 1293 178 496 254 574 492 948 1110 350 640 566 763 606 534 425 493 1726 1139 791 535 436 406 758 1140 533 544 592 533 698 657 630 357 321 828 231 1192 798 1023 164 422 183 591 803 627 1683 642 244 706 1321 4120 1149 1499 177 185 649 2084 173 402 189 298 807 1578 273 494 196 343 1098 1737 328 283 516 473 827 260 1114 251 1453 179
885 413 1087 508 489 237 690 1219 917 1868 261 1101 1029 328 925 324 1042 1151 429 253 527 462 912 542 435 636 739 747 395 1751 1372 1831 297 1805 185 852 827 1353 525 764 662 800 365 668 802 804 609 801 209 629 968 917 1034 637 714 1783 1052 788 245 1183 199 678 963 1109 308 479 963 621 1187 342 471 458 342 660 1818 1816 289 272 605 413 580 395 951 455 934 549 477 392 578 545 743 1280 871 769 749 503 3144 1734 2346 2007
549 1089 357 1129 758 273 262 395 1070 2069 2529 248 259 557 817 1689 1169 1459 2155 645 373 881 826 798 434 1262 1033 1810 979 810 1436 302 2213 558 1282 480 838 762 281 1397 1200 276 417 387 356 2561 1222 1573 229 1821 360 1355 327 327 543 635 1571 1657 1028 610 1627 615 348 731 1426 418 556 423 1038 799 641 1083 591 252 466 300 787 420 275 1607 252 915 293 1056 329 432 1198 435 267 720 1494 415 571 800 1004 1217 247 418 2354 2205
434 1189 984 918 1970 1258 2036 335 331 973 600 2248 199 645 1971 1158 262 1000 514 1219 579 381 647 788 582 1405 674 712 2574 232 440 527 5451 568 250 2038 1563 2700 906 567 903 264 863 415 368 1125 1538 759 1883 233 818 367 1629 276 1789 377 1173 958 392 730 1089 559 991 769 1236 1627 751 1591 1184 220 796 1018 1634 3698 1876 267 303 1931 577 743 241 635 1017 704 316 835 1178 260 358 1060 453 522 503 951 1144 426 683 462 618 473
732 952 295 611 2475 443 609 1732 910 1365 626 458 778 809 306 463 424 975 847 613 235 739 962 784 673 2786 362 907 2823 844 2235 296 627 810 1611 1379 551 2216 804 875 6234 1843 627 659 740 1221 734 1656 971 577 2611 1869 322 726 1205 416 774 563 524 472 475 2362 974 1299 1535 549 594 331 367 222 1776 1226 309 760 462 334 984 469 1324 810 750 823 758 1307 1044 934 390 491 377 1298 1228 1602 300 335 805 418 1307 997 584 388
695 610 568 633 998 1552 692 1401 857 1088 1100 412 1507 1871 374 416 1167 1192 911 1214 619 1010 1240 227 653 883 1652 1632 1646 4023 650 1843 418 415 1229 777 677 476 1229 1210 317 489 2012 615 1162 577 678 943 344 598 1212 819 785 517 1605 935 871 424 1358 4208 690 927 911 497 1506 948 1431 469 343 1486 2043 2355 414 1742 711 405 840 2469 450 1640 386 2417 834 1914 1623 395 381 422 324 663 1930 697 805 1740 571 1477 497 562 1447 380
2297 2208 766 421 1764 1672 698 457 1912 952 427 3739 1386 824 1028 908 453 1274 1452 538 663 1127 326 328 836 964 687 543 902 604 375 821 1167 606 890 659 581 315 1023 357 531 495 1263 1666 1477 773 681 375 993 827 772 648 333 1473 523 604 565 455 295 720 992 948 796 2253 1575 335 1015 2020 1328 369 1357 567 939 409 708 507 1304 2678 350 389 542 1400 938 1245 1792 979 2670 468 1427 757 2012 328 1590 294 2948 482 465 1206 587 1492
2457 1052 432 1217 997 1308 666 1676 731 798 1382 1126 1182 1343 1073 1088 397 1959 925 1305 403 972 725 575 2062 1010 1120 561 555 815 1571 2285 1881 415 657 653 1001 488 1382 745 404 520 1554 402 564 807 854 665 533 680 755 404 2377 1968 878 2007 1572 1873 1745 1175 1283 1602 2107 698 778 2159 853 1479 826 1076 2357 442 1766 869 1189 1529 627 1769 305 1039 663 1094 832 1033 997 2636 552 540 1505 2168 352 703 735 900 898 1637 1382 1811 1968 2497
1676 1070 2892 1265 395 1671 987 435 972 1602 624 1425 1124 1282 1424 1178 1336 776 2121 620 484 991 531 3704 1185 1597 1264 729 1044 1193 384 2195 699 691 1111 680 655 1634 393 602 300 689 1158 698 1424 1242 1477 1389 325 2527 642 1502 503 1405 1852 1821 1192 1172 542 3533 851 1814 1338 801 321 1044 708 1287 839 825 1023 1694 652 556 872 678 1086 590 1150 612 709 599 939 2226 955 673 993 898 897 1630 1674 1662 735 1787 1159 899 436 428 643 1151
926 545 1383 1272 2045 1878 768 530 1433 681 1280 1385 2030 596 403 1048 1439 1574 631 811 1059 2494 468 1132 1534 512 1382 1149 752 984 381 1111 506 1468 1152 1038 730 646 1534 1039 728 1397 1501 1121 1462 1408 614 1028 301 1406 1127 836 411 1617 1353 1118 653 704 536 1050 571 1341 1276 1302 385 821 695 322 863 1304 1276 392 1151 888 594 1320 1821 779 1501 563 1246 553 1088 422 434 409 716 1461 973 640 1346 595 748 793 691 787 482 662 608 726
938 532 738 902 1318 576 572 1279 1075 865 1866 1374 1790 2603 730 1910 470 539 391 2303 1966 622 650 400 1154 933 1427 1975 1683 888 928 1981 2224 464 1239 1332 1483 1193 730 560 1103 1299 1013 771 622 1914 1411 1045 1464 695 1224 2063 1009 732 2748 839 923 641 2164 680 893 1391 812 1112 360 525 1211 432 1703 431 1117 1491 553 1249 1095 429 1061 1980 726 1663 2894 1418 1371 858 600 832 767 971 2015 902 754 1111 852 1803 518 2292 1028 942 1326 755
1382 484 426 450 569 553 948 951 542 1149 636 1168 808 448 2213 1277 3297 612 1075 2907 1404 1130 1858 1431 1331 730 2415 1730 975 521 1163 651 1112 1011 1274 1152 1359 1697 494 1711 481 413 1047 2387 460 812 1579 1258 1894 2033 856 1049 2186 569 864 786 2923 2687 1511 389 2188 824 708 1139 548 516 614 1844 1228 1987 1541 981 1439 1070 1116 532 1185 1037 889 901 939 960 1539 1410 724 395 477 733 305 1072 800 1830 1255 1327 2480 1000 538 915 1707 772
578 1785 770 859 2361 1919 663 952 1564 781 1248 668 1210 852 1640 1375 1556 1719 1198 1347 1093 1420 936 708 1463 2171 1409 599 2270 610 887 666 788 1494 1165 586 2183 496 720 1640 1702 869 771 1676 1672 719 564 1641 2297 1780 877 526 660 848 1562 686 898 897 2347 628 940 977 588 791 659 445 383 1179 882 526 947 615 4320 2095 2223 1960 1872 1617 999 552 1066 546 875 1006 910 891 2060 825 1405 819 1647 1239 1243 2754 2043 592 1170 1844 2093 751
1211 2124 675 988 2659 2042 884 1597 2638 1960 589 1780 1643 844 1643 952 2108 821 936 1073 1820 1499 1046 961 967 1544 634 761 509 2251 425 1142 729 528 604 959 1748 635 526 631 929 864 967 1441 1090 1554 1507 725 1176 1178 1706 1280 593 918 1441 1318 865 1393 764 1245 851 1614 481 1094 509 659 582 664 2336 817 1577 661 1207 745 1118 881 1958 568 1045 413 3169 918 564 810 1242 1248 772 1038 1249 680 1989 1409 520 1465 1312 1267 1190 477 877 1159
1597 394 1929 3594 774 859 598 729 498 670 674 764 1515 756 2066 2076 703 1043 1441 891 1908 1249 1105 790 2298 1726 851 699 1315 1911 1168 1757 1830 719 650 1247 1311 743 908 999 1475 1105 1005 1392 941 1078 818 458 1859 1173 1709 1911 969 2492 2276 1542 813 581 764 2397 1420 690 1202 740 1019 1180 1701 865 880 2254 1507 2090 1070 1669 2459 598 495 566 1592 802 818 628 1176 607 1355 1751 1066 1452 405 1666 548 1529 863 1456 915 1384 1183 961 1187 884
711 756 1463 1566 529 1070 734 1417 1698 826 2543 2051 613 706 642 1330 2963 2193 1246 2825 969 1216 710 1166 608 601 514 1323 963 2400 1694 830 2119 2037 760 1085 1539 672 840 1261 1523 905 1262 1131 1174 1302 952 2452 1248 854 835 2136 1816 1499 1067 980 1651 1541 888 1593 909 1089 433 1785 1152 867 1599 1915 2298 1182 1799 1601 3221 1845 1379 1375 2726 1051 710 836 1319 2190 1015 1724 1030 1734 773 706 821 1121 1476 1446 868 558 1748 889 972 699 1934 1296
