#Counts. dist 2-11 diff 2 cuotff 30 memory renewal 50 particles with 100 particle array
17  12  16  21  13  11  20  20  13  13  22  13  13  31  14  19  16  12  20  21  12  22  11  11  24  16  16  13  16  14  13  18  20  18  13  15  19  16  23  11  13  11  18  19  21  23  14  15  15  12  12  18  17  13  11  13  12  13  15  13  13  22  13  22  14  12  11  11  14  12  12  14  28  15  12  14  27  23  13  21  14  22  19  28  21  15  11  17  11  16  14  16  14  16  16  13  14  29  11
29  28  29  44  26  24  50  43  28  26  46  33  25  43  28  41  32  25  39  47  31  60  23  24  52  41  37  30  68  34  28  37  52  38  26  48  50  32  56  24  27  22  41  56  44  53  34  34  30  25  30  29  49  29  23  30  24  29  27  29  25  64  25  55  34  25  27  22  28  27  33  34  44  35  24  32  51  40  29  58  27  44  43  52  41  29  26  45  22  37  32  32  37  56  29  39  29  54  27
46  44  71  75  44  50  56  75  57  48  55  50  38  77  41  73  58  44  55  69  58  79  38  38  70  58  44  43  64  47  43  55  60  66  41  50  68  48  80  37  46  40  67  55  75  85  44  44  42  35  42  73  62  41  34  48  40  40  45  40  45  61  41  87  47  45  47  37  59  40  49  63  54  74  38  49  59  71  37  63  42  61  58  80  71  51  39  55  36  58  45  55  46  63  43  50  42  93  43
61  57  81  90  67  84  67  90  58  62  67  80  58  94  59  82  76  54  82  89  76  111  54  55  88  87  73  60  94  67  62  82  101  74  52  69  101  73  78  48  68  50  71  94  102  122  67  74  57  49  66  67  93  59  51  64  55  68  62  71  51  95  57  112  70  58  66  47  61  54  64  72  82  78  49  56  95  76  54  94  54  94  91  116  103  65  61  91  47  68  70  80  68  91  65  67  62  120  70
64  75  79  132  78  99  97  99  87  92  92  97  68  112  73  117  112  102  99  89  89  130  75  66  121  101  86  94  112  88  75  87  122  118  68  123  128  87  110  64  78  75  115  119  118  129  96  100  78  63  79  95  108  73  64  97  81  104  78  72  68  116  70  113  88  86  80  69  115  67  109  114  114  108  69  83  123  106  65  112  69  109  112  149  133  110  96  114  63  96  86  104  85  116  74  84  72  138  88
113  94  116  171  100  120  112  148  108  98  118  125  116  142  103  136  108  96  113  148  111  169  90  93  141  151  116  110  140  112  105  129  137  122  84  145  162  94  126  108  93  99  117  164  129  143  118  126  107  75  103  108  137  87  81  100  99  120  100  95  82  168  91  139  102  97  96  93  116  91  122  152  132  175  104  99  180  133  83  112  102  137  138  161  165  132  102  111  76  104  126  128  92  134  106  93  94  163  114
125  123  133  176  127  154  135  153  137  114  131  145  126  132  159  165  175  135  159  148  130  211  126  114  155  185  107  145  142  178  125  144  195  155  96  140  191  124  140  106  115  114  160  185  152  174  164  133  126  89  145  121  157  117  103  113  126  162  109  129  117  173  110  176  124  122  99  115  139  137  145  152  171  169  107  137  190  155  104  152  123  156  153  196  166  142  140  149  96  146  159  151  112  162  156  127  116  196  128
158  177  152  201  149  163  158  194  153  189  148  161  118  177  159  215  225  173  168  191  142  227  115  126  205  167  141  178  183  169  129  165  238  193  139  177  205  139  151  117  143  135  165  244  189  233  183  156  152  119  141  156  183  135  120  142  139  173  133  196  140  212  129  190  176  130  142  144  228  135  196  173  193  196  119  156  213  177  122  168  160  192  192  258  216  175  169  188  114  172  157  159  159  192  166  170  139  241  152
160  177  158  235  180  216  165  210  163  154  168  196  172  201  172  253  219  184  210  198  171  277  156  154  208  237  160  232  228  191  153  226  237  194  140  227  211  165  199  180  169  142  178  224  230  269  179  178  157  145  178  213  208  156  173  190  171  227  160  195  151  227  158  204  183  188  161  146  235  152  193  239  201  226  155  175  243  214  144  192  156  224  195  236  231  183  162  209  123  198  209  198  185  199  178  182  178  258  194
184  205  193  247  240  244  242  243  215  263  202  237  163  226  210  287  252  239  234  248  220  270  204  164  285  213  231  218  241  220  184  222  244  237  177  238  257  196  229  168  191  198  241  265  250  310  219  264  198  152  209  205  215  176  176  218  185  236  174  194  182  238  191  249  187  191  196  159  207  173  220  256  252  273  188  195  255  239  161  210  181  244  234  300  308  219  222  203  159  232  220  260  184  256  191  195  172  303  205
