# 100 seeds, distances 2-14, cutoff 20, diffusion 2
257 286 1454 266 288 143 198 387 388 1083 513 326 317 585 632 1172 433 1592 716 1703 144 1783 475 159 443 324 1814 601 1110 295 171 176 1319 449 1172 196 314 367 181 141 921 598 1150 1081 745 1053 173 210 199 146 152 210 451 489 167 145 1860 916 289 433 390 546 141 287 166 2216 150 1228 442 1103 1139 563 284 829 1580 1336 1355 691 150 242 1059 219 187 885 2132 143 159 1688 286 1657 180 736 180 239 311 649 1421 207 173 293
462 166 549 1190 239 522 338 505 475 617 716 268 313 501 186 2655 366 207 852 275 1572 328 349 151 348 457 182 299 1148 1236 638 250 365 406 1419 1181 809 504 1696 503 728 349 330 1044 236 898 257 829 310 976 1237 779 1090 207 311 1045 303 184 194 174 308 608 289 943 168 833 937 180 264 312 1655 182 437 426 653 342 645 369 252 324 169 177 533 581 233 946 288 1313 1105 1099 1144 1208 889 1389 430 365 336 551 305 1023
428 177 486 1204 686 394 1055 377 1521 838 967 1145 171 344 1001 243 480 389 271 286 226 784 718 1630 670 247 477 264 196 743 348 332 654 969 265 235 354 851 694 1037 506 1395 933 583 197 1299 1184 612 988 810 1006 232 362 1030 344 588 492 1589 237 188 1187 444 807 1106 718 207 483 990 370 578 190 615 502 1305 471 232 595 907 289 235 503 194 690 521 259 731 312 913 483 531 228 929 344 327 1220 232 625 408 1063 1093
496 662 643 952 337 331 431 746 597 539 483 442 345 224 533 1348 604 204 832 278 640 502 608 304 316 435 336 815 498 797 603 819 326 456 639 1560 1308 654 360 737 992 402 211 681 513 1973 487 980 655 313 537 869 264 800 499 256 605 565 581 991 546 637 681 345 366 393 382 221 687 470 887 426 476 248 365 1254 271 311 986 601 401 654 455 493 367 1517 2501 281 522 1092 1051 360 567 423 414 520 574 428 1054 1255
391 709 859 447 380 491 1416 811 537 827 336 857 1740 289 798 803 345 1071 1486 549 556 831 598 347 373 361 599 977 1305 811 220 1310 484 407 1538 656 646 668 431 3454 418 436 753 1262 772 590 291 603 1352 247 900 327 564 319 480 637 620 418 330 370 378 2200 659 387 825 327 245 328 1576 847 403 692 1746 1536 372 1666 475 522 610 255 1134 467 456 364 333 1751 874 604 399 533 249 705 273 1311 1041 420 419 626 225 269
910 1133 812 801 549 2013 572 933 237 765 630 720 770 788 783 514 578 970 330 1104 482 782 931 608 357 794 434 1180 621 1806 447 439 2144 426 1729 633 580 605 428 597 2381 346 664 706 414 461 631 423 331 549 281 1701 535 323 520 675 800 1410 424 541 541 595 871 363 656 339 816 687 254 702 968 3061 639 2452 1021 325 281 554 671 571 480 1709 658 1051 1525 361 449 1353 322 1961 274 259 949 842 1036 246 492 482 958 770
233 601 473 571 793 871 399 359 404 530 685 917 496 602 879 703 1438 752 371 1186 438 632 453 995 475 1326 400 368 1275 940 402 342 913 1673 724 1106 290 711 348 221 1233 1109 346 429 709 468 353 1072 787 444 441 300 755 634 256 408 1121 1112 711 1049 1100 868 753 639 516 230 532 377 1215 944 601 407 1661 812 1392 277 870 631 853 640 482 1385 457 1066 590 342 904 552 1620 855 1333 971 554 898 1643 268 599 955 676 1595
1039 507 672 713 688 617 478 300 1032 636 535 1533 235 1756 836 704 754 467 3522 826 497 915 1187 842 940 287 806 507 827 365 607 1402 1553 819 1874 511 601 751 844 1069 483 1021 726 1023 486 523 1445 979 1314 577 542 513 399 1375 1176 420 1036 483 1272 918 241 1084 319 478 615 363 942 412 715 884 419 862 731 1160 971 1737 1049 853 1253 279 448 388 377 458 1831 283 1187 249 379 1378 1611 455 551 544 620 397 310 734 537 957
344 1258 1319 639 662 1198 540 337 477 586 409 1952 606 544 873 1182 625 1317 1161 364 354 1109 649 387 2374 492 544 1567 788 840 2088 836 1001 518 306 689 905 1234 962 1116 608 698 543 610 1208 690 1587 1719 775 426 626 673 691 1364 362 533 828 957 1456 318 655 1067 924 633 353 353 623 1679 548 761 914 1245 415 565 1296 334 2561 1463 581 305 2260 1496 491 1400 682 469 634 500 671 867 359 1226 759 1498 532 1349 403 656 1504 802
855 329 528 403 435 625 382 990 1151 435 576 923 858 756 906 1199 1135 784 1468 984 1475 855 471 494 763 1391 990 1299 391 669 572 1152 526 536 488 1061 795 490 1284 589 421 521 397 1808 537 878 794 359 480 870 860 1027 802 885 1110 1160 1279 428 1694 792 535 381 1333 877 526 954 366 459 480 1144 1006 767 1870 399 382 795 940 423 1198 1319 499 581 318 709 1141 1664 1109 1041 433 544 876 2274 822 1090 1973 1067 1096 365 782 309
432 496 1263 455 547 520 594 1556 501 380 685 833 443 800 933 859 352 303 797 669 515 1225 370 1812 514 1166 586 811 873 727 2026 634 1490 505 1327 980 554 396 601 567 1098 1377 929 1260 796 782 771 1023 408 274 960 851 469 880 709 1133 438 623 2308 505 741 1353 589 554 809 1166 974 1312 599 711 1130 481 867 1044 1732 913 548 410 999 739 2093 922 406 405 560 2132 818 1249 822 1040 806 334 813 968 573 723 540 907 559 1688
631 855 329 528 403 435 625 382 990 1151 435 576 923 858 756 906 1199 1135 784 1468 984 1475 855 471 494 763 1391 990 1299 391 669 572 1152 526 536 488 1061 795 490 1284 589 421 521 397 1808 537 878 794 359 480 870 860 802 885 1110 1160 1279 428 1694 792 535 381 1333 877 526 954 366 459 480 1144 1006 767 1870 399 382 795 940 423 1198 1319 499 581 318 709 1141 1664 1109 1041 433 876 2274 822 1090 1973 1067 1096 365 782 309 510 575
863 140 618 188 385 129 432 1020 853 162 149 235 1006 399 800 482 138 137 149 133 160 777 129 405 253 1128 668 132 788 144 1677 850 420 191 132 134 1162 1071 274 1771 464 298 939 450 376 1011 142 785 3422 125 231 555 315 127 124 412 170 583 502 133 167 1560 1018 502 860 164 138 120 166 478 133 994 264 337 240 151 401 349 127 135 1146 142 135 301 247 431 136 182 127 162 1512 171 155 336 632 510 301 219 892 861
