112 121 112 158 113 110 111 232 112 111 128 112 112 684 635 433 293 111 272 1005 113 208 110 110 153 125 590 127 113 116 460 115 165 146 112 177 242 124 127 110 112 110 266 120 121 143 309 338 115 111 111 115 150 113 110 112 113 111 112 136 113 122 113 218 114 111 110 110 120 111 111 113 157 113 121 112 145 718 111 179 115 214 345 174 118 120 110 124 110 116 112 112 112 507 503 135 113 147 110 116
130 126 673 1046 252 123 135 241 146 130 872 551 130 186 258 1414 157 132 1218 469 123 514 121 121 1143 339 1411 497 1443 227 129 186 189 177 724 1073 184 129 1185 122 126 121 153 284 290 1006 783 178 420 133 122 163 145 1073 121 1091 456 192 856 741 754 702 124 167 1747 492 123 120 165 123 244 200 261 175 124 136 439 233 243 159 261 1532 632 940 271 184 141 272 122 395 141 164 759 204 155 138 135 162 123 139
337 904 916 241 651 143 342 540 157 149 231 382 341 856 420 178 192 150 566 1328 143 195 145 134 1478 567 267 199 2313 141 702 2207 642 408 258 862 500 321 333 134 182 133 792 512 166 205 926 146 339 148 462 139 717 1501 133 325 502 1129 306 1072 395 305 464 846 183 307 556 130 171 269 1219 458 238 243 154 468 543 164 186 1232 711 686 203 217 678 358 138 157 136 204 257 188 947 360 309 211 363 238 816 1547
601 838 904 190 404 388 164 279 1288 186 343 285 530 787 387 341 1299 180 197 253 537 845 158 439 260 247 691 608 984 184 458 3632 239 1108 250 420 173 1118 195 154 238 1028 329 168 362 705 1088 503 184 285 146 301 201 913 238 261 1160 250 336 292 342 648 1217 564 235 729 3782 166 716 519 379 214 1415 291 539 201 806 226 243 993 164 223 496 521 697 288 146 162 859 424 346 166 290 221 712 179 685 238 389 150
660 182 536 290 1919 246 511 327 415 773 715 725 363 719 1342 258 1366 1313 460 284 260 441 567 156 522 308 220 1939 376 423 796 2041 1392 327 198 680 390 990 190 219 457 169 903 276 771 802 332 1380 869 170 596 671 1204 299 197 294 162 1075 169 560 295 684 211 508 187 206 880 1193 300 187 402 273 772 290 191 433 296 203 471 1595 590 276 3196 260 695 2056 447 1784 309 817 419 610 1100 711 200 1006 241 384 456 1841
412 176 515 941 475 450 319 263 361 208 371 512 222 180 356 642 604 629 196 549 1992 283 1368 1104 454 623 1248 252 768 564 245 883 1461 352 900 355 1508 385 257 417 645 2735 998 701 925 282 531 262 780 1180 1016 724 580 974 318 1198 665 306 662 354 315 1309 1151 542 326 245 448 259 915 1639 663 1853 808 309 179 628 774 1582 1818 2209 573 464 302 3184 1672 634 824 556 422 252 312 920 2741 212 247 177 196 1628 315 589
321 182 1811 630 568 193 681 759 266 330 537 243 681 1251 573 1400 798 1008 3328 269 774 514 221 189 475 1260 514 1870 265 680 256 435 844 373 1116 781 575 673 228 323 330 711 262 424 1159 852 1019 244 587 191 974 961 540 327 194 719 236 678 262 538 274 814 247 1251 201 471 258 483 380 1971 1243 680 316 3432 433 1145 1294 620 253 278 309 769 547 305 313 301 636 349 861 243 236 237 657 491 950 312 360 963 623 280
816 870 408 1628 869 368 521 722 309 1268 279 1960 360 713 1950 1156 1041 504 258 777 766 663 1315 786 570 789 243 1085 706 503 1522 357 250 503 795 1963 274 367 326 1459 308 544 1437 754 1043 763 341 425 738 555 305 589 488 572 1202 291 238 1481 475 760 1607 756 1820 1459 1603 2393 361 348 514 436 1374 611 444 347 256 1009 813 390 326 1026 206 663 2528 915 309 1118 398 714 203 280 1669 266 470 829 871 1018 1145 830 546 548
374 478 459 311 644 2847 250 761 827 365 297 1365 508 844 780 339 1070 1000 3568 616 969 419 660 201 584 1283 427 527 501 264 988 962 727 918 230 1073 724 635 815 921 800 303 1691 352 1603 1602 1169 2321 1064 2465 302 872 1243 526 707 1106 350 1051 646 360 597 703 223 294 937 1051 249 1815 609 502 587 579 1176 2095 475 693 508 527 462 1960 537 1341 858 497 597 1495 2252 828 295 1756 859 2366 578 1810 742 1304 299 520 648 388
288 951 466 848 760 544 253 901 368 2584 727 589 396 653 595 1019 1823 1456 1118 1009 692 587 813 224 1133 1434 287 1112 514 541 325 1094 1102 1090 642 1357 1636 581 1027 741 408 660 897 337 1258 2295 678 1310 1391 1212 345 707 367 1061 219 1392 739 709 380 856 1353 514 456 685 1186 367 1827 630 1379 495 677 1444 296 1043 473 1345 1212 910 755 387 267 1668 548 1786 297 1184 782 316 214 482 847 553 603 1552 852 334 1138 675 2705 411
1403 436 354 1449 1670 406 868 1551 315 819 2349 816 251 937 254 324 580 1362 336 1660 720 490 437 1907 380 560 403 548 795 491 443 673 2885 999 831 297 465 1250 354 368 458 387 445 1042 633 1346 711 1336 2074 676 2183 5818 656 2314 230 508 296 1922 773 687 863 320 297 631 1281 1575 626 786 1093 1045 768 2758 1348 744 965 714 368 1443 623 412 505 321 870 1060 964 328 965 561 1179 539 913 1867 954 718 541 557 397 2078 367 720
550 285 1774 1945 313 883 1511 877 879 986 488 575 429 1777 1092 1679 778 2135 585 423 1668 571 578 848 818 597 1381 493 739 459 2225 1141 673 381 1079 1350 1199 696 278 251 688 882 1091 2431 1706 1090 890 788 488 1998 1531 1072 938 482 259 660 439 644 664 495 1771 1730 1217 476 615 1271 791 1353 1300 1302 954 2247 1641 901 1431 855 585 759 659 2287 1265 409 1018 1754 3047 422 262 547 348 374 499 309 1661 1603 660 864 480 935 603 347
422 507 1167 697 654 2380 767 1601 747 579 1210 966 789 663 984 1086 3999 1163 1067 485 1061 1692 404 626 991 2074 1220 781 848 359 656 477 673 1414 1254 656 930 1184 1246 489 351 1263 2303 345 1427 848 1180 2212 537 2201 1752 355 518 826 950 422 690 517 461 834 1180 494 499 979 502 1245 1327 660 421 555 990 427 2891 315 332 606 846 2435 444 394 398 993 1085 753 1138 1510 712 998 1210 883 1586 2006 978 2307 808 755 802 1486 335 1044
