#counts taken memory 2 distances 2-20
13 16 13 54 19 11 12 68 13 12 25 13 13 21 19 27 30 12 23 49 12 32 11 11 31 23 52 22 57 16 87 16 33 27 13 43 26 18 17 11 13 11 69 16 25 20 22 21 16 12 12 26 53 13 11 13 14 12 13 17 14 21 14 63 14 12 11 11 15 12 12 15 235 15 95 13 34 93 12 80 16 74 46 33 35 19 11 20 11 48 14 13 13 29 22 25 14 57 11
43 27 56 46 46 58 63 90 35 55 34 60 25 31 29 36 47 44 51 66 31 137 22 22 43 63 70 62 40 34 31 36 49 87 25 57 41 35 55 23 235 23 67 44 109 81 54 208 31 27 31 99 33 27 22 54 63 31 60 30 127 57 64 34 31 78 26 22 40 24 45 33 35 34 25 33 215 164 25 60 28 37 42 110 91 65 30 31 23 68 37 102 28 83 53 51 66 76 24
53 49 48 58 119 128 45 93 48 37 74 96 116 134 104 169 66 41 48 81 58 129 144 44 135 162 42 58 55 116 119 147 79 156 64 119 96 72 93 35 51 39 82 64 74 122 66 148 118 103 51 100 60 214 34 99 237 62 107 43 196 135 89 85 86 84 124 89 53 92 76 74 70 94 47 43 90 75 39 68 122 80 103 140 133 44 35 51 37 52 68 53 64 115 83 145 160 83 56
121 99 77 90 102 260 78 80 65 64 80 132 113 86 162 93 112 136 63 81 55 209 94 195 184 122 69 58 136 111 140 96 157 73 155 84 119 109 148 80 60 88 151 134 84 82 162 98 96 47 54 140 110 77 52 61 62 121 148 68 143 119 121 233 106 92 73 51 110 63 103 213 119 67 50 121 90 209 173 184 66 114 84 112 134 76 109 93 45 105 80 96 73 93 63 72 76 93 91
228 89 106 130 157 234 198 135 201 186 115 131 127 82 109 196 131 125 82 78 244 91 78 61 103 236 129 99 126 109 77 128 216 159 85 108 371 121 129 63 115 127 310 198 98 137 234 103 98 105 84 316 123 62 57 128 161 556 131 122 94 201 120 118 91 102 114 80 95 58 256 126 109 156 108 181 127 257 59 199 166 154 116 208 590 103 82 163 139 86 102 140 190 150 81 292 180 158 105
117 219 216 287 85 319 130 172 91 120 204 141 101 108 113 115 650 84 120 160 218 201 102 174 155 292 138 226 236 153 147 128 361 158 224 105 168 152 155 166 116 252 259 148 185 159 292 182 255 172 134 234 176 108 80 262 145 258 211 99 127 169 77 181 256 186 100 74 169 150 175 115 109 345 172 88 156 202 167 217 104 187 156 219 131 193 465 140 82 141 211 169 96 132 138 285 163 224 178
353 99 316 164 256 125 105 490 237 173 205 153 347 134 128 336 127 90 132 237 154 365 191 79 143 347 213 227 160 110 302 302 197 286 136 144 300 294 114 176 255 406 251 181 172 237 263 138 227 83 168 252 484 112 132 121 381 163 131 230 136 153 160 215 141 146 118 281 137 105 115 223 214 255 186 96 149 398 296 188 98 134 134 351 444 212 234 293 352 417 124 548 136 148 140 312 102 271 204
176 229 193 261 214 360 133 226 170 140 151 309 664 589 408 232 273 230 246 146 363 203 146 259 455 833 153 133 303 121 177 180 317 208 168 274 224 120 165 221 128 142 307 278 352 207 176 436 206 239 284 173 193 159 95 315 146 266 129 168 158 384 365 206 291 304 159 253 160 414 232 221 354 262 169 145 316 330 114 126 253 206 320 248 189 225 168 147 135 243 151 216 181 195 187 294 168 322 208
266 577 179 221 1106 193 196 218 237 202 340 216 282 297 174 511 235 477 274 220 141 313 177 278 234 138 242 308 306 240 170 184 309 197 163 188 269 221 328 196 364 167 382 270 367 874 177 362 196 422 207 284 346 287 253 310 281 157 188 243 465 382 196 224 281 206 126 236 175 265 376 306 322 326 237 329 266 181 525 166 165 306 240 607 415 308 371 224 225 511 620 574 253 199 278 251 211 364 131
333 115 211 317 186 381 182 224 218 244 258 333 129 465 302 257 181 265 186 339 422 293 420 134 318 438 282 629 545 560 277 1298 315 168 168 223 404 378 216 205 246 202 426 387 216 328 286 330 286 289 288 348 171 288 119 208 328 376 231 387 361 209 428 778 339 182 487 656 303 237 342 209 566 337 300 328 460 283 247 274 657 293 354 355 373 343 432 279 303 222 211 341 171 553 267 157 279 324 449
320 187 311 525 191 215 199 278 314 411 296 405 254 355 247 307 283 177 386 307 175 466 443 215 351 541 290 210 287 346 298 505 464 252 534 672 304 178 189 140 210 161 674 614 371 539 426 211 285 298 822 301 241 151 166 446 394 293 498 341 633 384 216 276 286 210 479 335 637 334 497 268 480 310 665 303 404 609 187 321 745 380 364 506 429 268 309 310 341 258 216 535 195 570 262 314 176 294 784
367 373 221 544 342 368 354 384 276 373 285 274 470 295 290 506 469 262 366 517 337 323 390 526 396 953 312 198 311 365 610 398 459 336 451 323 392 323 210 228 473 313 487 308 242 592 230 241 373 190 325 459 736 297 215 258 369 272 297 410 408 344 251 786 369 291 528 217 290 237 371 424 349 212 284 366 335 275 174 674 364 459 436 431 327 236 265 362 210 396 310 340 351 454 236 806 412 245 558
334 210 366 470 245 365 419 316 506 402 457 331 252 280 539 798 536 1485 618 226 390 459 345 497 323 536 219 506 521 331 434 429 407 390 321 310 489 312 261 462 657 323 328 324 425 581 422 352 262 907 393 228 280 419 397 273 382 367 397 462 369 524 351 580 548 572 196 613 283 586 297 640 557 411 212 698 463 466 375 271 553 260 441 529 381 335 380 386 504 402 513 273 269 360 396 523 313 291 688
316 305 328 304 567 336 455 567 362 658 503 350 519 380 636 608 721 178 330 500 651 422 324 337 316 381 637 373 355 471 620 352 337 608 240 466 367 248 250 320 374 330 441 577 392 395 456 636 433 223 457 464 372 385 345 981 532 543 327 460 503 301 382 435 247 345 706 516 445 521 1011 297 448 494 337 335 744 463 380 231 303 682 404 741 464 388 373 646 610 302 496 457 224 576 268 516 326 450 383
396 642 461 288 354 665 543 781 386 323 351 311 325 327 502 529 480 876 550 392 758 456 544 389 729 533 469 513 322 672 394 636 725 521 208 722 942 261 380 233 474 424 1035 1038 407 587 503 498 579 415 409 334 443 230 228 548 415 480 426 352 384 378 330 682 385 386 393 290 365 575 662 633 403 412 403 443 473 686 454 514 589 553 345 380 781 436 363 620 404 461 496 438 235 706 526 504 255 797 400
307 260 448 579 361 513 268 542 369 383 517 451 548 255 313 631 856 456 454 424 619 362 513 420 489 395 575 836 723 503 383 549 697 469 583 762 430 416 427 482 441 349 608 800 567 541 442 400 636 271 399 519 976 942 680 507 549 361 280 1422 872 546 356 380 478 384 349 362 473 289 415 372 366 1092 396 547 534 1185 492 446 346 430 713 732 441 510 492 555 257 508 648 1080 480 729 261 363 313 971 728
541 724 300 613 412 597 618 389 402 512 431 463 322 366 878 522 484 743 788 393 415 706 406 319 528 364 353 912 421 552 674 835 1086 383 358 1007 831 481 489 433 792 333 501 780 436 601 401 458 462 337 429 628 1434 621 505 561 456 834 365 347 378 544 436 749 498 594 240 687 435 389 421 978 428 564 445 506 644 554 410 590 349 599 1163 1199 617 817 436 587 552 462 380 1005 337 471 478 802 289 420 640
385 639 302 597 911 732 475 372 767 507 390 361 779 434 326 921 339 472 569 477 584 637 478 222 1111 463 751 443 430 775 465 830 762 498 395 813 395 377 758 412 307 517 519 549 504 565 497 584 768 422 808 644 651 474 621 591 757 424 362 472 590 393 522 755 685 384 764 597 406 407 538 605 564 797 453 517 427 733 461 642 568 719 638 837 464 301 458 1046 611 496 685 512 365 613 534 475 454 515 591
486 461 419 968 526 454 480 701 1159 663 464 436 316 481 443 827 461 892 362 531 842 1127 346 702 507 362 378 778 856 932 707 1110 602 596 352 419 947 464 401 449 371 669 432 601 698 486 771 379 436 458 814 1091 737 481 436 709 489 708 449 718 327 548 645 639 589 325 513 276 589 649 474 732 799 459 631 547 763 670 414 510 692 1350 601 555 825 789 698 480 345 428 867 717 566 636 702 492 271 1001 694
