# counts for memory 20 new particles diff 2 cutoff 30 neural network 
13 12 15 23 13 11 16 21 13 12 18 15 13 18 15 16 16 12 23 35 12 22 11 11 28 14 13 14 20 14 14 15 21 20 13 15 21 12 21 11 14 12 16 17 24 23 24 15 15 12 16 14 18 13 11 15 12 12 15 14 13 27 16 29 13 12 11 11 15 12 13 21 23 15 13 19 29 16 12 49 13 25 18 24 16 16 11 15 11 12 13 20 12 25 14 16 15 32 11
27 26 35 48 24 25 37 36 34 24 34 43 25 49 27 55 31 25 39 47 28 48 22 25 49 36 40 28 41 27 26 38 40 33 25 37 41 34 50 24 29 29 45 38 50 45 37 31 37 23 25 26 38 25 22 30 25 26 30 27 26 44 26 41 35 24 24 21 27 23 28 38 40 47 27 26 56 38 26 47 27 64 36 62 45 30 23 38 23 30 28 29 25 31 29 26 32 64 24
54 40 66 85 77 40 44 62 44 38 64 43 40 55 46 75 61 45 53 50 54 85 43 37 68 54 50 46 82 54 43 55 91 60 39 64 71 53 70 34 48 39 59 72 60 74 68 49 48 35 44 45 85 43 41 41 48 46 39 41 42 68 40 63 54 44 48 36 47 37 62 64 60 71 42 42 71 79 36 72 38 70 70 83 70 50 40 54 38 45 52 49 40 55 44 50 45 85 40
66 65 67 76 69 62 66 81 61 82 69 81 67 78 59 94 77 75 88 67 69 113 63 51 97 83 69 59 104 57 63 87 97 86 53 79 119 50 91 61 71 60 75 73 103 110 79 66 57 50 63 71 79 56 52 69 67 73 57 87 52 139 57 140 74 55 74 51 63 53 91 100 80 95 71 65 99 81 55 82 56 78 82 131 108 79 54 80 48 77 72 84 58 79 57 72 67 92 68
79 70 81 116 92 74 91 110 75 114 86 83 81 87 71 109 95 109 105 101 102 149 73 67 107 92 94 98 101 95 85 87 120 98 72 116 136 103 120 74 86 71 86 140 115 151 100 85 93 71 79 94 99 88 69 79 74 108 68 106 76 108 71 132 103 74 101 68 96 74 94 140 101 116 76 120 138 105 69 99 72 120 108 151 129 105 87 97 60 100 89 85 76 137 80 83 73 135 70
88 84 104 142 96 142 107 130 108 121 114 105 116 121 101 110 167 125 123 188 125 143 90 106 164 119 94 108 124 127 91 148 187 140 100 120 128 92 95 89 83 107 133 116 152 163 141 139 96 86 95 115 159 77 111 96 123 129 86 115 93 166 94 135 105 106 107 75 145 88 131 137 141 126 84 112 169 132 94 114 117 143 126 167 167 97 108 111 86 118 103 127 95 127 112 97 103 162 87
124 112 139 152 132 162 130 187 123 132 127 124 118 131 153 147 132 115 142 161 113 222 131 128 150 145 124 166 190 150 116 158 181 132 108 153 155 141 134 125 101 114 187 182 198 185 158 123 116 118 137 138 154 105 122 144 120 176 104 117 119 169 108 169 115 131 141 108 151 91 175 164 169 223 97 135 179 138 110 140 113 167 134 206 191 170 118 168 95 154 134 146 132 186 125 105 124 194 117
153 144 183 179 153 165 141 216 140 130 148 286 148 189 181 255 221 193 169 160 141 209 116 126 185 185 132 147 206 158 133 176 205 153 141 170 181 174 154 132 134 125 200 188 181 282 196 168 174 129 159 195 189 141 139 202 174 182 123 188 137 194 122 228 155 130 123 124 181 130 175 175 179 188 123 159 213 190 110 153 133 206 205 198 224 188 131 185 132 157 159 167 136 186 165 162 122 208 201
158 185 174 258 228 203 167 277 198 142 171 178 160 160 192 235 198 127 199 205 197 318 164 134 209 192 172 200 210 175 197 207 258 187 127 200 284 196 194 171 162 141 204 221 222 217 203 201 173 144 156 192 194 168 184 191 171 209 156 227 173 232 156 226 173 175 152 179 162 161 290 181 200 198 142 169 233 236 133 172 143 195 205 220 256 174 157 198 145 197 217 171 188 167 168 195 160 285 198
209 231 226 228 241 227 212 198 182 162 168 249 181 177 204 300 250 250 223 187 281 281 163 166 231 196 207 189 241 231 200 226 308 248 196 305 252 204 202 194 235 191 192 251 256 256 244 188 218 136 165 232 292 191 161 294 180 233 178 179 175 238 155 353 218 217 186 169 256 203 218 256 255 297 150 193 278 241 162 210 180 284 236 311 314 205 216 269 155 209 247 218 226 271 201 230 205 292 222
