#Counts. 1-49 new particles in memory diff 2 cutoff30 distance 5
205 753 87 794 669 1183 64 331 482 56 95 155 727 687 676 1171 1014 876 265 121 437 514 58 208 123 196 1355 95 414 189 358 85 302 108 55 320 385 117 95 689 138 64 986 525 80 605 582 387 148 59 71 1974 101 118 62 175 69 193 236 1586 410 1057 269 464 1222 98 3682 66 1243 200 63 1075 685 1046 98 244 706 207 56 893 55 170 129 421 142 152 72 69 351 1938 90 948 750 829 804 269 85 138 266
121 99 77 90 102 260 78 80 65 64 80 132 113 86 162 93 112 136 63 81 55 209 94 195 184 122 69 58 136 111 140 96 157 73 155 84 119 109 148 80 60 88 151 134 84 82 162 98 96 47 54 140 110 77 52 61 62 121 148 68 143 119 121 233 106 92 73 51 110 63 103 213 119 67 50 121 90 209 173 184 66 114 84 112 134 76 109 93 45 105 80 96 73 93 63 72 76 93 91
123 182 83 99 128 143 83 124 84 50 67 84 94 88 55 111 83 88 132 75 90 106 47 101 66 193 87 60 79 78 137 143 199 86 52 65 99 56 57 72 58 205 74 86 87 72 64 84 73 49 63 93 102 61 85 76 144 102 96 110 50 176 89 162 81 62 58 76 115 93 68 63 84 68 100 75 232 89 53 88 60 87 84 121 110 106 76 79 48 93 55 125 74 75 68 65 64 116 57
76 75 84 120 90 239 69 79 64 52 70 69 66 105 68 71 66 58 129 92 69 119 53 64 94 91 98 69 111 72 92 73 97 79 73 119 108 81 64 63 59 92 81 79 72 97 64 61 60 47 46 98 77 128 47 115 96 117 75 104 50 88 58 123 86 57 74 59 65 66 87 126 109 103 75 77 156 62 74 127 69 86 97 83 71 66 71 78 47 111 94 60 68 92 105 78 83 89 102
55 86 75 80 66 124 96 78 63 64 59 63 65 69 76 150 95 74 95 66 74 142 53 73 79 72 63 124 79 111 61 66 111 68 53 86 91 70 79 55 69 61 75 76 84 97 75 57 103 62 63 63 89 51 62 56 62 72 86 72 59 75 63 132 65 50 95 79 121 54 51 90 73 81 49 72 84 89 73 72 67 104 71 80 131 58 117 101 48 76 87 78 68 101 62 106 61 89 50
81 68 81 90 102 158 51 68 62 57 63 97 73 85 68 109 89 139 92 79 63 87 56 73 81 106 66 77 68 82 62 67 94 80 60 69 165 51 78 70 61 50 77 72 114 82 55 68 66 47 50 74 92 50 45 88 63 101 62 136 64 186 51 92 86 77 65 47 98 67 86 62 85 96 50 65 93 91 48 76 59 84 93 116 79 80 72 76 45 72 64 68 65 68 81 53 54 100 97
63 66 79 96 87 86 51 84 74 53 84 64 78 83 95 96 72 59 60 64 63 83 45 50 86 114 95 79 119 65 63 60 110 68 58 73 96 61 75 84 59 73 88 97 84 107 65 106 63 60 55 73 94 64 53 56 58 68 63 95 59 94 58 86 77 50 78 54 81 102 66 82 87 92 53 69 103 73 55 84 65 83 81 105 100 67 73 73 69 80 59 72 59 66 64 86 57 85 67
61 53 78 85 87 118 61 69 68 64 70 94 75 69 57 103 75 75 69 82 55 100 54 80 88 90 62 70 76 103 67 71 85 83 55 83 98 67 90 51 65 54 77 73 97 76 78 83 112 63 73 59 78 58 46 62 68 62 75 114 52 128 57 96 96 66 71 52 91 50 69 116 80 95 53 72 138 101 52 82 53 79 89 94 95 65 55 92 45 65 53 111 61 86 63 64 57 138 63
60 56 84 149 62 74 68 83 71 61 76 76 61 82 77 106 91 52 79 58 61 96 52 56 86 97 68 63 88 64 64 82 73 68 53 76 74 63 114 49 67 75 65 96 179 101 73 65 65 48 72 63 111 61 49 70 119 74 61 69 50 96 53 134 70 68 72 47 71 75 64 94 80 108 54 65 112 86 50 99 57 77 84 104 113 58 53 72 45 75 73 68 55 125 76 75 53 90 98
60 59 99 70 62 89 80 83 58 61 76 73 63 83 59 99 77 71 73 99 62 151 64 62 85 76 63 61 70 76 55 106 78 75 55 74 115 62 61 54 61 51 72 92 78 86 59 81 58 58 62 66 66 53 47 63 72 59 65 75 57 137 56 112 57 60 77 43 83 71 81 96 109 96 49 63 101 94 60 75 62 76 82 83 114 101 70 76 50 67 64 67 66 72 59 63 59 90 73
62 56 67 93 79 101 58 94 58 62 56 74 51 82 55 149 89 67 76 88 90 95 70 59 95 103 66 64 71 59 64 73 87 75 57 115 77 59 90 52 64 69 70 79 93 115 86 85 61 48 61 69 94 62 46 66 64 62 65 101 58 76 51 118 57 51 63 51 74 58 76 75 79 81 57 73 130 96 52 76 54 86 96 104 88 76 66 81 47 77 76 76 67 83 55 69 52 89 65
56 60 69 92 74 59 76 82 60 70 79 64 73 86 57 108 80 63 94 141 74 116 62 59 106 76 64 101 83 83 55 84 111 72 63 92 79 75 67 48 52 47 62 104 105 118 71 69 64 53 59 85 82 58 48 63 63 63 52 76 74 94 55 105 72 59 81 57 62 71 67 86 72 74 55 63 104 72 50 59 54 79 76 84 92 68 62 83 47 89 94 67 56 88 69 75 57 84 58
70 62 76 140 75 60 62 74 64 69 65 82 69 73 58 83 94 62 90 96 58 117 54 57 87 101 60 82 71 75 62 69 103 77 52 78 76 66 81 57 58 55 84 78 103 148 99 98 58 52 52 66 85 59 50 65 64 88 73 81 51 183 68 101 62 53 69 49 76 60 79 84 91 74 52 66 90 123 49 74 62 81 99 88 89 58 53 80 47 67 87 71 64 107 57 79 66 110 52
64 52 69 84 75 108 54 94 62 59 63 69 89 73 77 95 84 61 68 77 79 113 56 59 88 93 72 67 78 97 68 78 91 69 54 102 105 55 64 49 62 56 87 89 109 110 111 84 57 48 53 109 102 51 45 61 58 74 68 64 55 100 55 89 69 58 67 49 63 52 81 84 78 90 59 69 105 82 54 87 56 81 81 88 123 59 124 90 45 63 74 64 66 107 57 63 61 84 81
58 55 88 109 64 65 54 76 63 52 84 77 70 102 77 96 73 52 83 78 73 110 54 54 118 102 70 59 80 62 65 88 97 84 52 71 78 56 80 57 67 69 68 76 101 106 81 67 65 47 56 69 81 57 53 64 53 63 59 88 68 117 60 100 67 65 69 44 69 58 60 66 79 64 50 56 110 82 54 69 54 104 89 89 84 87 84 71 45 75 92 82 55 100 59 95 59 81 58
93 81 73 85 65 81 81 79 62 54 59 64 60 84 57 102 76 74 85 76 71 127 54 52 101 87 70 64 87 62 55 66 83 82 53 80 112 65 82 54 54 46 76 83 95 99 81 63 66 49 62 75 82 52 60 62 63 73 59 60 50 106 56 125 56 64 62 54 95 53 86 99 85 73 49 54 91 89 53 67 60 98 76 98 89 73 62 81 50 76 71 78 65 102 58 65 66 120 54
53 52 87 92 62 62 76 87 68 60 77 85 52 121 61 98 74 56 64 65 59 111 50 46 96 81 64 62 99 78 61 73 93 81 54 81 94 65 81 47 56 51 90 93 100 89 91 94 66 51 66 66 82 66 49 62 57 74 57 81 54 111 52 91 59 56 79 51 69 55 95 81 81 66 60 81 86 70 65 81 53 104 79 92 81 103 61 78 46 78 61 85 72 93 57 59 76 100 53
73 59 74 83 65 76 65 82 81 60 78 69 57 72 55 98 73 52 76 88 58 97 65 52 91 83 74 58 94 78 53 74 82 64 60 78 87 68 73 51 61 51 84 74 93 92 86 77 69 53 57 68 100 52 49 63 57 81 61 68 52 88 56 82 69 61 77 51 76 65 65 80 80 89 52 62 102 71 56 72 51 74 72 95 76 73 73 88 48 67 65 71 62 81 70 52 61 127 60
61 62 77 110 53 73 73 94 62 69 71 78 57 71 66 102 67 79 88 103 62 118 49 60 99 109 70 70 81 74 58 80 98 72 51 72 89 68 83 50 56 58 86 84 74 125 83 70 82 50 63 60 70 59 44 67 58 63 58 72 59 110 58 101 77 55 54 50 71 59 74 83 100 74 50 56 108 89 57 111 58 78 96 140 100 84 71 72 45 66 69 81 58 101 63 60 56 127 60
66 65 67 76 69 62 66 81 61 82 69 81 67 78 59 94 77 75 88 67 69 113 63 51 97 83 69 59 104 57 63 87 97 86 53 79 119 50 91 61 71 60 75 73 103 110 79 66 57 50 63 71 79 56 52 69 67 73 57 87 52 139 57 140 74 55 74 51 63 53 91 100 80 95 71 65 99 81 55 82 56 78 82 131 108 79 54 80 48 77 72 84 58 79 57 72 67 92 68
64 59 56 108 70 74 68 88 72 62 68 64 56 70 55 78 73 68 67 81 66 106 67 51 75 82 69 64 83 63 54 85 100 72 51 84 89 56 89 53 54 51 84 80 74 126 73 60 69 52 60 81 97 58 46 58 62 80 57 68 56 117 52 82 72 49 61 58 62 64 60 81 90 84 52 59 101 86 51 75 67 81 90 92 107 67 63 81 48 75 77 77 66 79 55 69 52 129 65
64 51 62 86 80 67 75 81 66 64 75 74 56 88 59 102 75 83 75 81 68 102 65 53 99 83 72 64 93 60 62 75 84 74 56 84 95 62 65 48 63 59 78 77 83 117 84 69 60 48 59 62 88 57 49 57 60 86 57 60 52 114 68 123 66 52 63 51 62 56 114 79 81 99 51 62 87 76 50 82 57 79 81 107 100 112 81 86 50 78 73 73 55 100 61 63 55 103 69
63 59 76 92 67 85 64 81 59 66 84 94 57 77 65 100 83 54 78 95 63 103 51 55 103 93 76 69 84 90 58 66 112 69 52 77 98 67 80 52 63 52 69 69 99 106 80 78 59 52 59 76 74 50 53 67 74 62 59 68 53 100 52 96 59 57 73 48 62 69 69 90 75 118 54 59 130 71 55 95 68 98 84 113 100 68 61 82 45 70 58 85 56 129 57 61 53 134 64
74 58 82 108 68 86 61 80 83 70 87 73 62 91 72 106 70 70 93 84 67 133 83 65 94 88 65 55 84 60 54 95 97 78 55 84 79 58 101 57 64 53 81 83 115 103 59 64 63 49 61 100 81 60 54 67 49 75 61 84 51 96 52 88 69 55 64 53 68 57 61 99 91 98 53 61 99 82 57 88 56 94 83 95 86 69 52 74 44 69 66 71 63 84 57 72 63 129 60
58 59 80 98 75 70 86 75 66 54 67 79 56 88 65 103 68 64 75 77 59 115 60 50 85 76 58 62 89 66 54 87 106 83 53 75 88 71 77 52 62 55 67 80 91 108 67 75 59 52 68 61 87 55 46 65 65 72 57 77 60 81 57 96 63 58 59 57 75 52 61 77 93 95 62 60 86 87 51 79 57 81 91 94 95 86 63 90 45 72 68 90 61 88 67 75 62 105 59
78 54 71 104 62 67 74 80 69 64 71 70 53 95 60 95 88 63 77 89 54 107 48 56 85 87 58 61 92 68 57 68 93 80 58 71 83 56 93 59 69 70 69 90 106 103 71 63 62 52 52 71 96 60 48 57 67 63 59 67 58 103 51 93 60 52 82 56 58 63 92 87 84 81 56 68 102 116 51 85 56 84 86 86 98 77 66 81 48 77 65 70 71 83 76 63 60 94 60
61 53 85 97 63 63 77 96 65 54 69 74 56 93 66 89 87 75 86 81 70 112 56 58 92 95 64 60 120 70 66 83 87 76 55 76 93 68 85 53 61 51 87 96 88 108 79 67 65 49 67 67 98 55 54 65 64 68 60 66 52 95 53 127 68 79 60 47 63 58 75 83 93 70 50 57 114 74 50 88 53 84 73 103 92 76 62 71 45 67 86 77 56 83 61 63 53 110 68
55 59 86 106 67 68 74 97 63 59 85 76 59 66 78 92 85 61 68 94 66 99 67 59 93 89 68 64 87 67 58 76 100 79 60 75 105 77 89 55 57 51 78 99 90 106 78 77 58 54 55 80 73 52 45 59 60 79 56 79 52 111 52 116 59 57 66 61 66 53 74 118 82 96 51 57 102 96 58 109 55 85 94 111 110 87 55 81 48 67 77 74 65 104 60 62 57 89 62
57 60 72 85 61 79 66 86 65 58 65 72 56 101 62 88 80 60 73 74 59 110 59 46 94 90 61 68 82 71 55 78 91 79 57 97 112 81 77 56 65 53 77 104 85 100 86 71 79 48 61 76 107 59 47 71 55 84 60 72 59 111 55 92 71 53 66 49 75 55 64 99 89 84 53 66 116 80 53 86 59 94 71 124 123 69 60 77 45 67 85 82 64 109 60 63 57 102 56
64 56 74 102 74 67 72 81 71 72 87 64 56 78 60 96 89 59 80 93 59 114 68 54 78 84 75 73 89 86 58 74 114 83 53 90 118 70 114 59 65 53 72 101 89 95 64 62 70 52 66 61 79 58 45 67 56 63 67 80 53 116 69 84 62 54 65 49 66 53 69 96 89 96 57 68 111 79 57 101 54 87 83 88 108 74 67 80 45 79 62 72 61 90 65 64 55 123 64
63 58 78 103 67 70 66 89 70 56 76 94 61 88 58 83 74 73 79 73 79 100 66 52 90 87 63 68 85 70 55 79 92 77 53 76 91 63 67 62 62 53 75 94 94 90 77 63 62 50 59 83 88 59 50 63 50 76 56 72 52 102 56 98 59 55 81 52 77 52 85 88 85 72 56 66 140 88 49 85 52 79 78 87 88 67 62 78 55 76 81 76 58 86 62 68 60 102 59
75 62 69 99 56 77 76 91 76 57 76 68 63 85 67 78 70 58 92 96 72 130 64 58 105 74 72 70 85 69 61 98 87 77 53 84 105 59 105 55 69 49 78 107 99 94 83 67 62 52 56 74 75 52 50 64 50 63 62 87 54 128 56 99 59 51 57 49 74 66 67 93 80 84 50 66 117 95 51 94 55 82 78 137 94 84 56 85 48 70 64 80 63 86 60 60 59 98 54
61 56 67 108 66 61 71 101 61 57 79 75 59 94 58 103 81 56 82 70 69 99 53 53 79 88 75 68 96 65 53 65 100 73 52 117 83 63 68 55 57 55 86 113 80 95 77 60 58 51 51 77 95 55 48 65 61 58 58 65 58 101 50 108 63 59 62 51 65 54 89 91 90 78 50 53 98 86 68 105 58 85 77 90 116 96 61 98 52 79 80 98 63 109 70 68 56 91 68
71 63 65 100 71 78 65 99 57 59 75 78 57 82 63 91 78 57 72 106 71 111 56 49 97 87 65 65 75 60 63 93 96 69 52 86 106 67 86 53 59 53 68 95 103 98 74 73 64 48 54 82 82 56 45 80 58 75 58 64 59 101 56 109 65 51 62 47 71 53 70 70 75 78 54 62 102 90 62 72 63 81 95 93 119 65 62 81 47 79 69 86 77 81 66 55 58 106 69
70 63 68 102 64 62 84 104 64 56 91 69 53 94 66 99 83 62 81 74 75 92 61 62 118 83 69 65 102 69 61 75 90 75 62 83 92 73 82 55 57 54 71 89 85 102 77 77 63 49 58 73 96 58 49 77 53 63 54 72 52 113 52 85 74 53 58 57 68 54 72 99 93 86 50 70 96 84 59 110 55 86 83 92 93 74 58 88 47 80 82 77 57 92 64 69 60 108 62
64 72 73 93 61 76 65 85 60 55 75 78 57 84 63 96 87 73 84 99 66 113 56 58 90 89 61 71 91 75 61 80 101 90 51 94 90 59 74 56 55 51 78 102 85 111 68 64 64 52 57 71 78 56 49 67 53 67 55 73 57 106 59 89 62 57 59 53 74 57 79 96 87 86 56 56 134 87 55 104 51 75 78 105 101 68 65 84 52 83 75 80 57 87 59 62 54 93 56
55 57 70 94 65 66 65 93 68 71 75 82 56 77 58 94 80 66 78 84 66 108 55 53 99 79 71 70 81 76 54 74 98 80 55 80 98 63 68 60 62 56 73 89 92 117 67 71 63 50 64 67 86 59 53 63 66 68 59 60 54 98 54 100 61 57 61 54 86 56 65 106 82 79 56 62 111 91 55 89 56 87 91 97 116 66 54 79 48 70 86 79 66 76 60 71 60 137 64
70 50 71 101 62 57 77 100 75 69 76 74 57 89 56 123 83 66 87 83 66 117 59 68 100 93 97 73 89 67 53 79 85 85 55 72 95 68 90 56 60 53 82 78 111 128 73 71 68 51 59 68 91 58 69 82 59 66 58 73 55 108 53 78 68 55 56 51 77 52 64 112 82 87 62 61 105 101 57 81 56 78 78 88 101 75 54 69 46 91 67 67 77 85 66 74 59 108 67
57 73 69 116 65 79 68 98 69 61 90 73 56 82 67 101 92 56 74 86 64 113 50 60 94 83 58 60 73 61 52 70 87 79 51 81 103 69 73 51 57 52 76 89 103 117 75 63 60 50 61 64 76 68 51 64 56 65 55 71 58 130 55 98 75 59 70 54 86 50 71 90 87 77 52 65 112 86 57 69 52 75 96 127 112 74 67 80 47 78 76 79 65 86 55 81 61 93 56
58 59 87 93 64 65 71 89 69 65 84 85 58 89 64 96 88 64 77 106 65 113 63 53 98 82 64 65 101 76 56 75 100 79 53 103 95 57 80 60 57 51 85 107 87 97 77 66 63 48 61 66 100 53 55 66 59 62 61 80 56 101 54 103 74 59 59 52 94 50 62 115 82 82 50 58 127 94 48 99 51 86 96 93 92 76 52 92 45 70 62 61 60 95 59 72 57 124 59
67 65 90 97 68 67 70 76 64 58 80 71 56 90 81 95 81 64 65 104 57 103 71 57 98 69 68 67 99 59 61 81 92 77 54 83 97 67 78 55 55 56 76 108 91 116 67 69 69 49 54 59 93 56 52 62 64 61 55 63 64 98 61 95 75 57 60 50 70 50 71 99 89 100 53 59 101 81 50 83 62 80 86 104 80 75 65 80 44 67 67 69 63 88 59 55 56 88 58
71 68 91 102 67 60 71 78 66 56 72 75 56 68 58 110 86 69 76 96 57 96 51 59 82 91 102 77 79 71 57 84 85 76 51 69 88 65 96 60 59 51 83 103 104 75 79 72 62 48 73 76 89 54 52 61 63 73 55 70 55 100 58 84 60 70 56 50 89 62 87 98 91 73 51 56 108 86 49 83 52 85 76 111 113 67 56 80 53 67 71 79 67 87 57 72 60 114 57
59 55 78 100 59 71 77 96 65 63 78 69 56 96 64 102 82 66 86 93 68 139 70 58 108 82 59 60 78 70 57 76 95 80 55 84 74 69 91 51 68 48 68 108 110 97 68 74 63 48 55 70 90 54 51 63 60 78 53 75 56 93 58 104 66 58 59 48 80 61 71 93 81 76 52 53 99 77 60 96 55 85 77 105 103 70 56 81 46 66 69 70 68 89 60 59 53 106 59
53 61 68 97 77 73 87 87 70 58 79 59 55 91 61 105 87 63 70 74 63 115 55 46 90 82 81 74 73 76 54 69 107 83 53 78 107 58 92 48 59 53 83 91 105 104 76 65 62 49 56 64 82 54 50 70 54 67 59 69 53 108 54 85 74 61 76 53 75 60 66 88 83 74 56 61 104 75 50 80 57 96 79 149 89 61 58 72 48 67 77 84 72 81 58 54 59 102 56
60 58 70 104 56 70 63 92 65 77 80 68 60 92 63 96 80 70 87 96 67 109 56 56 95 83 63 81 98 64 59 86 99 80 51 74 100 62 66 50 61 51 74 105 97 100 83 66 60 56 60 65 79 58 48 64 61 77 54 66 57 88 56 106 65 72 63 54 72 57 71 75 79 78 54 57 98 82 52 102 54 77 91 106 90 67 62 79 49 71 81 80 69 94 58 60 58 92 54
63 64 105 113 66 62 82 93 69 61 71 69 59 72 63 86 99 55 73 109 66 118 66 51 100 77 80 66 84 81 54 88 104 80 51 86 92 69 94 47 60 53 81 75 105 105 66 67 61 54 56 68 72 56 53 63 51 74 59 63 56 121 57 98 61 61 58 57 74 56 81 90 91 81 54 61 104 87 53 92 54 74 85 139 94 67 61 71 47 78 70 77 58 82 65 71 54 120 61
62 61 74 101 60 74 71 86 66 69 78 84 56 99 65 92 78 57 77 97 55 105 65 55 82 75 76 78 76 76 58 95 98 76 57 83 97 81 75 54 58 55 86 80 89 103 75 64 66 49 61 66 83 56 56 62 59 69 58 69 56 101 51 94 65 56 65 60 79 59 84 87 82 80 62 57 114 91 49 85 57 78 90 95 99 62 67 81 51 68 72 76 66 71 67 58 56 105 59
78 62 83 102 56 70 73 76 64 57 85 79 54 87 57 84 78 71 72 99 62 123 61 49 91 82 69 71 109 65 59 77 92 85 55 87 94 57 84 52 64 56 80 93 95 92 80 75 71 50 64 79 97 53 49 66 56 64 61 65 53 105 53 111 63 70 61 56 67 57 84 91 91 90 53 54 107 81 55 102 60 95 83 106 101 76 60 71 53 73 62 76 66 77 60 61 59 122 55
59 66 75 109 58 78 70 93 70 63 77 66 62 89 61 111 77 67 77 93 71 97 49 53 100 75 69 61 84 64 62 70 107 88 53 87 98 60 76 50 63 55 75 91 80 103 75 92 59 52 58 60 88 54 47 68 54 72 55 66 54 95 56 82 70 66 52 46 67 53 78 87 83 93 50 57 101 82 55 105 55 88 79 103 99 76 66 76 48 80 78 72 60 83 63 63 53 99 60
