13 18 13 20 14 11 12 125 13 12 19 13 13 529 509 284 160 12 120 788 13 35 11 11 24 19 457 21 14 17 332 16 34 18 13 30 113 12 22 11 13 11 146 19 19 20 143 218 16 12 12 16 27 14 11 13 14 12 13 18 14 16 14 23 15 12 11 11 13 12 12 14 33 14 22 13 22 508 12 23 14 17 210 22 15 14 11 21 11 12 13 13 13 298 286 12 14 18 11 15
27 27 467 687 53 24 30 39 28 25 645 350 28 56 146 1109 42 33 904 260 24 369 22 22 913 196 1054 377 1098 101 30 33 68 43 535 763 35 29 839 23 27 22 49 113 159 758 588 71 291 34 23 55 34 673 22 838 295 41 543 476 570 494 25 41 1467 311 24 21 35 24 85 90 143 52 25 25 257 51 130 31 131 1129 467 679 35 43 22 170 23 255 30 31 547 43 39 33 27 41 24 33
175 635 719 66 421 44 176 368 58 50 41 247 222 688 307 52 77 46 364 1054 37 48 40 35 1139 382 152 98 1913 42 551 1765 373 176 116 641 373 212 201 35 59 34 603 370 63 76 687 47 194 48 263 40 510 1255 34 169 308 988 181 785 216 160 338 678 81 172 223 31 66 157 924 183 90 65 51 301 330 50 81 939 543 558 85 56 496 224 34 51 37 43 151 56 780 194 203 47 159 47 598 1236
401 668 638 86 269 234 49 131 989 58 200 135 302 550 230 187 975 49 89 98 268 628 46 292 139 132 498 375 744 54 308 3060 70 810 127 276 60 884 53 53 127 803 150 68 172 467 821 383 84 166 47 134 62 700 106 144 825 113 156 126 181 510 1029 244 95 534 3058 60 508 378 274 74 1170 59 403 94 472 113 112 761 58 74 265 286 518 152 46 63 671 256 237 60 184 73 571 61 469 104 206 51
528 58 366 142 1605 105 354 171 288 614 534 533 232 563 1008 94 991 1060 242 86 125 310 304 57 332 148 109 1519 225 303 652 1627 1077 188 99 465 208 709 83 90 326 59 712 87 603 532 171 1147 634 71 357 499 918 196 60 161 63 846 70 406 122 521 104 87 85 91 697 932 193 61 247 86 604 124 82 287 111 80 314 1279 422 99 2542 87 519 1697 273 1431 208 620 285 418 882 491 94 659 111 202 263 1514
261 73 291 647 272 284 149 152 199 86 225 364 123 78 218 410 372 432 87 277 1602 105 1074 907 201 438 975 124 533 346 104 722 1134 166 657 143 1167 207 94 268 477 2237 819 535 606 162 357 140 439 957 814 515 341 725 169 810 474 148 454 243 165 1083 922 397 195 113 275 69 702 1248 529 1252 652 166 80 472 588 1248 1448 1787 375 343 149 2455 1336 448 494 369 287 91 193 603 2248 102 119 78 96 1168 190 461
196 80 1383 437 399 93 492 484 153 186 363 129 518 969 369 1085 552 774 2748 121 598 318 94 90 266 966 377 1457 111 408 93 260 602 254 839 547 439 459 96 177 202 497 150 279 899 491 817 112 391 91 774 722 350 186 89 465 110 479 159 359 170 603 133 932 102 356 114 326 154 1610 961 344 172 2615 301 883 983 480 149 148 138 490 355 163 181 148 381 104 657 107 107 111 496 327 756 149 207 649 378 165
574 689 304 1352 654 219 378 498 188 965 146 1545 197 548 1592 801 790 331 128 580 558 528 1051 473 362 517 112 747 542 330 1140 215 148 285 579 1664 158 201 154 1060 191 381 1136 625 721 563 173 326 466 380 138 392 348 384 902 148 104 1148 339 514 1285 485 1121 1047 1162 1989 230 219 368 300 1072 393 281 229 129 757 562 239 175 857 102 411 2212 639 143 741 265 550 104 166 1394 160 322 596 702 814 852 619 344 371
243 248 327 143 435 2392 116 544 672 177 148 1090 349 601 532 169 905 749 3005 401 723 262 490 102 448 976 287 287 285 147 813 753 450 637 124 667 531 408 648 744 586 172 1455 180 1143 1115 862 1836 854 1772 172 690 1060 361 488 801 250 868 503 215 464 491 124 171 685 911 130 1432 358 346 394 410 912 1555 286 421 381 397 322 1559 382 1071 560 348 378 1124 1730 600 188 1391 652 1947 330 1468 594 960 164 307 431 237
185 801 323 613 433 370 136 653 264 2090 526 355 216 461 399 854 1336 1081 869 649 538 428 585 121 809 1229 138 873 313 405 201 835 839 836 508 1030 1317 351 835 569 239 508 662 168 931 1883 479 990 1138 939 185 514 233 835 118 1127 525 505 234 650 1011 319 310 420 927 202 1556 463 1105 324 520 1074 185 682 359 1132 998 723 533 240 127 1334 385 1310 158 968 611 159 115 338 643 350 374 1252 658 164 894 462 2068 296
1061 278 207 1201 1433 253 591 1310 173 589 1845 586 136 674 155 207 446 1153 219 1330 561 334 258 1533 252 384 169 313 624 336 272 462 2195 705 620 169 295 1020 228 207 247 239 254 818 428 957 476 1027 1753 481 1730 5055 454 1735 124 377 180 1514 580 524 566 192 178 443 1023 1301 438 489 795 777 428 2128 1115 570 751 560 195 1082 438 264 215 187 691 790 672 203 791 374 888 389 594 1283 739 562 348 411 212 1773 224 568
406 147 1294 1662 184 672 1209 659 619 743 319 339 273 1263 928 1339 617 1687 428 251 1420 390 407 670 572 457 1086 260 592 247 1788 861 501 246 840 1092 945 492 176 141 455 691 874 2072 1375 821 673 603 361 1575 1211 839 711 329 159 506 271 442 382 374 1465 1436 982 276 456 955 586 1020 1075 918 752 1851 1255 670 1218 645 442 543 371 1739 1042 241 684 1432 2559 266 147 419 239 239 307 170 1272 1153 500 560 302 773 354 219
275 364 934 522 409 1846 554 1291 633 410 938 721 623 332 783 752 3251 920 808 347 735 1357 265 415 718 1607 944 532 682 209 506 313 517 1224 946 356 653 897 1051 325 206 836 1914 226 1108 668 894 1869 366 1788 1319 196 363 508 635 266 455 331 259 602 955 211 285 684 384 920 1041 466 218 408 750 187 2273 187 201 441 664 1936 259 238 209 785 824 578 893 1118 491 813 933 654 1300 1552 753 1768 611 435 558 1020 179 777
306 1849 2940 292 232 252 469 473 243 1252 260 198 557 779 1105 492 213 249 449 1330 957 579 470 1043 430 442 656 1283 793 673 3157 2933 348 1057 1507 994 462 2364 367 938 493 223 563 1081 747 1290 1424 632 324 181 397 1220 864 296 494 799 474 1604 1050 1176 551 3107 1208 323 2253 722 485 2196 1182 745 2114 219 308 488 435 921 309 2135 405 618 1123 913 384 725 419 269 555 672 505 948 768 452 461 1652 793 892 816 381 687 1119
209 726 459 259 762 953 214 1743 798 253 385 811 412 582 557 1152 635 805 661 753 817 332 458 609 434 633 259 411 1090 751 202 485 1254 928 1080 1136 678 582 862 572 401 611 1472 411 1385 580 1208 789 778 403 239 1099 1170 213 727 288 290 533 601 659 765 286 1037 634 2730 1110 736 823 2079 1302 570 1320 417 795 927 1018 557 2106 1112 691 408 1860 1000 946 562 216 1200 1776 490 595 968 306 451 564 417 558 410 330 650 1429
244 699 1031 1078 380 771 583 865 349 651 736 747 2708 439 659 364 834 2421 421 1220 695 1926 1427 481 504 1931 419 2346 649 2417 841 933 1225 1570 503 536 743 321 982 1076 988 432 656 1283 1544 693 1398 446 486 381 424 522 1682 415 562 412 666 833 481 1087 1648 710 796 484 870 1446 479 523 529 1193 252 347 1259 312 518 512 1107 2706 387 668 560 381 1812 494 368 579 624 357 1037 1050 1155 457 280 1115 1043 785 395 476 549 1309
1430 482 592 1412 711 1099 742 918 294 234 533 1070 547 851 286 2909 507 461 991 867 2197 890 1890 496 1495 253 1631 1672 728 868 529 644 711 949 486 2092 937 401 894 819 1856 726 2321 472 395 1288 1373 1516 1248 521 1947 959 892 807 986 336 544 402 1358 782 231 403 942 570 954 2247 2105 774 1103 1725 856 270 627 368 690 1228 824 1001 336 509 1100 880 1222 1441 669 606 925 1471 901 886 927 328 1180 312 1411 1138 573 1029 1162 973
784 1043 2547 462 1092 1358 315 447 966 1393 1311 1604 443 494 411 634 358 1228 499 981 504 1979 992 564 754 533 412 481 630 440 862 565 738 543 304 492 1307 402 695 1312 1629 732 314 715 1082 661 327 763 748 755 715 385 931 336 527 351 1052 779 313 1159 290 807 474 707 995 409 948 526 366 314 1320 625 506 1896 593 352 484 1195 472 476 603 608 2419 2151 1907 972 795 1272 524 511 1518 1063 760 765 586 443 551 2075 1631 376
859 814 1175 457 1623 915 478 537 1034 1319 656 2231 1207 733 1074 668 865 2812 970 2328 1019 995 836 501 787 734 632 802 1792 850 1518 745 898 777 513 1182 1518 474 630 981 490 307 665 1371 1246 970 2889 2826 728 2410 1268 1276 656 404 365 1769 1060 1108 1350 464 664 519 1044 801 1002 888 561 507 483 364 586 657 543 936 578 1428 510 619 313 711 573 296 546 433 559 666 2415 2214 839 524 1295 1052 495 569 551 462 289 1921 592 773
