#data collected for distances 4-21, seeds np.arange(1,101,1), cutoff 30, diffusion 1
603 451 155 749 202 144 166 562 283 720 559 240 1856 196 463 2033 752 477 587 229 449 1167 176 140 381 209 1168 349 1280 257 145 391 177 334 1404 728 263 490 832 142 1260 133 183 163 656 438 599 347 312 161 188 149 180 200 1651 302 513 1427 525 239 293 466 168 268 993 631 627 131 616 143 532 183 367 333 139 696 186 682 380 272 158 1019 162 537 610 197 698 476 361 578 1972 170 208 299 225 150 1703 314 3272 715
167 188 275 245 1739 418 191 1507 371 178 234 1143 1344 1022 720 221 264 779 2107 373 178 276 174 436 263 1545 444 770 1498 655 513 949 1127 239 521 375 328 599 415 1186 719 947 537 559 175 354 2603 980 467 892 285 1081 234 723 707 294 1980 533 1070 347 537 885 302 180 1215 372 835 395 756 326 214 606 257 1053 1058 927 2985 685 151 751 1217 191 694 405 524 880 1088 1589 489 857 758 161 502 201 952 604 433 758 168 601
805 248 453 1354 336 524 407 347 558 578 399 325 1913 687 465 394 919 820 1327 537 499 467 361 767 581 1083 1078 680 512 767 1355 357 204 947 1240 830 1151 372 1560 598 643 2528 975 851 332 803 4386 972 1119 701 3280 223 474 898 305 396 344 421 421 239 840 933 1067 519 301 201 644 571 1091 1739 273 725 362 1265 337 265 385 575 427 342 523 598 1203 287 795 439 281 411 270 854 718 542 1094 214 308 181 571 340 920 648
203 192 1039 243 194 341 395 666 805 369 632 1481 389 403 457 705 755 631 402 328 262 723 297 178 1839 534 982 516 957 550 182 2605 854 437 3053 1229 575 1089 916 593 2014 519 526 562 722 3925 1443 707 1633 317 216 459 477 1025 497 238 274 1142 1126 1237 526 595 892 1675 221 416 468 289 705 219 382 352 1643 846 446 373 352 399 181 330 540 732 1483 457 835 888 816 1726 1920 1533 833 698 632 1120 976 223 413 335 1514 1248
429 274 479 354 193 230 228 1067 470 531 684 904 389 905 834 1449 324 520 578 933 719 585 1836 3203 623 428 662 978 374 1227 2648 1497 352 978 815 832 533 251 319 883 210 1036 397 542 664 3495 1270 283 1128 1608 1009 985 1002 192 570 325 985 543 749 962 616 931 929 922 870 390 748 175 912 295 1154 733 1297 615 2324 879 1067 1396 1336 477 641 479 298 2103 376 353 956 220 2122 737 863 1514 228 1648 793 1168 365 454 720 833
502 949 584 1298 924 807 315 415 941 547 800 479 684 909 353 1375 1228 1135 2368 763 605 602 1629 1126 696 349 919 623 2181 1658 546 640 780 742 878 679 966 371 835 1254 1619 1254 456 923 1342 465 1301 819 296 2582 567 767 459 373 512 615 878 478 1227 1493 792 660 1065 498 323 308 333 1073 856 802 739 498 978 2012 1453 257 298 1307 604 676 1405 1011 757 1339 361 548 1168 2067 229 2903 276 1930 590 314 1879 638 1503 369 715 474
323 470 559 765 798 960 2415 905 495 2363 1417 667 383 477 678 539 605 1131 507 1958 1452 375 580 263 939 1093 990 753 761 1242 300 1113 438 367 293 4867 321 3369 722 793 948 535 732 1871 2293 860 336 406 567 545 1019 1823 1080 1490 742 343 817 368 433 2185 639 717 555 1579 540 1470 528 1336 555 514 742 741 509 4031 610 651 386 912 325 367 1477 1093 2216 1397 1173 426 630 1194 902 746 323 2035 988 861 855 653 2139 1319 1189 474
1323 544 2273 455 876 1571 342 341 1263 1144 528 2225 493 732 1782 521 1623 1776 1338 2197 1845 545 260 751 414 544 718 1051 1198 888 400 439 940 979 1429 1215 886 777 734 619 626 2136 702 881 840 948 533 354 461 1013 255 324 904 1284 366 367 2187 776 896 1961 249 653 1225 1062 1100 421 394 1168 610 1221 758 319 455 505 1553 1020 1012 293 440 632 1383 1745 883 721 812 1309 602 1453 1095 1079 607 1345 437 1075 1247 303 1741 1102 562 1850
508 682 776 3010 773 831 669 738 594 1431 536 1067 956 428 866 1412 3260 981 2484 626 1848 1879 727 340 1048 950 2755 1049 1328 357 1351 455 1591 845 449 1569 1902 323 1686 1126 755 1972 901 1516 1185 864 583 451 877 239 276 296 1279 668 1028 650 2634 718 256 435 1814 1341 1160 356 781 987 1393 732 656 447 1015 1588 1159 603 305 1167 506 695 283 1738 979 1929 590 1960 2032 3371 499 3387 1464 892 1098 1622 637 860 989 962 720 614 294 2668
684 2458 765 509 344 648 619 1274 1299 374 1086 2058 1874 578 645 1260 839 2160 1534 1129 357 1270 2432 344 892 653 732 1004 492 421 1304 1671 535 727 516 799 1992 645 1426 820 1022 598 440 1101 934 1363 996 1276 498 854 1021 549 508 915 1509 639 1046 371 702 347 886 1325 484 997 2070 265 646 679 1190 2254 852 979 1096 2205 1417 1164 656 769 270 1486 256 2901 1209 1557 1213 1326 693 1267 672 2898 717 1382 1231 1339 856 370 716 754 905 561
634 484 930 893 766 550 753 964 984 2024 397 986 1899 794 716 780 933 451 356 381 861 668 779 731 899 736 506 726 2220 1145 1728 611 1006 880 650 1764 1443 2017 708 453 687 1378 1568 1569 726 1421 1833 748 797 373 1229 1223 1203 711 1677 2096 771 592 515 1082 922 423 618 819 1324 1057 1118 631 1669 826 1359 636 1451 904 410 726 4645 1308 965 483 940 1015 1025 638 2227 1421 392 500 1208 519 473 1185 1176 1677 2374 1769 290 2372 1191 401
740 1382 826 574 996 345 917 853 1488 943 582 552 277 578 1034 1256 1433 910 617 1455 517 493 324 652 2056 636 3182 1039 479 491 1016 1473 847 1144 649 2183 688 974 1418 1312 1342 465 524 448 436 544 664 772 465 598 1125 986 1624 1098 672 489 550 473 608 2642 2006 1369 2546 898 658 314 984 495 1332 2041 1686 660 1258 3109 767 1627 990 901 1033 1203 908 741 1232 863 642 621 506 670 435 588 1336 435 922 1092 548 545 336 2937 325 1211
872 1557 792 1391 5211 1049 1096 1057 1804 538 1168 514 688 694 405 710 951 679 2589 1060 1861 1325 845 573 772 739 1153 856 709 553 738 1364 701 1473 342 1517 2385 910 954 324 825 1507 1219 845 935 1327 1167 458 471 1473 400 1302 475 1201 716 1419 1788 1431 343 2679 433 1993 1152 451 365 553 1475 978 1547 3437 1663 450 1196 1360 2343 1526 1933 1278 1222 2806 1690 1965 851 777 1515 654 1613 913 1819 1678 1160 914 1592 777 589 1192 2074 562 2605 1498
1109 1219 873 1161 1708 469 1235 923 804 998 1412 963 2062 1061 2005 530 552 618 2392 974 2218 971 1526 838 4217 1425 3874 394 1831 2444 680 1184 484 1001 995 974 2203 473 690 701 1476 463 783 1500 1644 666 1275 1387 2087 1768 1476 1646 1067 823 754 474 1062 1692 700 521 656 710 1825 575 1363 2920 1885 977 987 1081 566 2790 1107 1180 4750 1982 1174 869 858 1309 1574 740 732 732 1353 1689 479 858 2037 1569 1008 923 1706 938 2718 1264 767 969 687 1026
1139 1027 855 1929 1923 1349 1206 793 2863 1388 1161 1578 698 1598 2586 1797 1334 583 2897 452 660 800 764 421 1350 1155 1835 802 614 937 1434 1989 1100 1051 1021 1013 1146 841 1339 898 839 739 491 859 1546 997 809 1772 1170 1692 947 642 1433 823 514 970 741 614 1154 1094 1318 1132 956 1025 569 638 717 789 1701 618 1499 1717 656 1080 1078 2161 1216 822 2966 3116 1742 1052 1067 1455 569 1481 1045 1241 1148 1766 1383 1959 1164 768 474 944 2269 1100 345 1248
741 361 745 2378 626 632 864 647 1598 851 705 2343 874 1765 988 1235 1183 979 1115 550 521 922 971 2201 1154 1626 934 2104 3413 1153 537 814 635 2353 1876 605 3419 938 987 416 1228 813 496 902 1145 572 580 648 1985 1142 1521 1679 725 887 2025 622 1079 1654 676 718 1231 2731 1593 1225 1682 1243 1200 835 944 554 588 1779 977 1233 787 704 1785 1817 1221 731 1297 586 657 531 1005 842 1284 1576 818 977 867 1297 890 1095 1817 545 2346 1295 2426 1184
561 1708 535 607 659 579 724 1128 1474 1070 1018 1205 1314 574 427 1362 1335 1238 537 1356 1268 1094 2092 2368 1475 1038 2925 1852 1454 1744 1741 1045 814 865 540 2634 1146 800 932 543 399 1399 1304 2374 1018 759 856 1158 1249 1607 906 1288 1020 1470 563 1125 651 977 838 873 3010 1214 2606 1870 2686 2155 993 892 499 757 829 1776 606 538 856 765 1359 715 1316 1510 1193 1612 1171 1082 1331 976 1354 1356 710 601 1792 1278 1357 704 1663 1574 713 729 1400 1204
1418 1035 587 1032 1406 844 817 830 2169 745 926 1152 1316 554 748 1092 1504 1092 901 567 972 930 1390 993 1666 2364 632 1056 1216 1013 922 545 781 602 883 1283 1278 953 1003 503 895 694 1039 1319 956 474 724 828 1004 1556 2679 571 792 1453 1310 1995 1324 1694 1160 1077 764 1193 932 1244 1122 2226 925 2469 962 1262 1955 5112 1959 1193 1268 1265 970 1163 468 548 2099 1814 1312 1112 695 1713 2006 688 2175 657 608 1256 901 690 734 1114 944 704 966 1284