#Steps. 1-9 new particles in memory diff 2 cutoff30 distance 5
159 633 52 713 525 942 49 258 454 55 90 122 564 550 577 889 773 783 237 73 268 459 46 130 95 164 1106 77 324 159 308 66 253 70 55 276 345 104 53 541 127 61 911 366 65 467 284 332 120 58 47 1757 62 94 45 116 60 73 156 1401 341 832 258 244 932 84 3058 60 1007 179 63 889 599 949 82 238 472 188 52 761 54 136 100 286 75 64 45 60 264 1568 80 803 657 737 682 221 76 104 142
101 78 56 78 94 243 50 65 63 60 64 89 91 54 111 77 77 76 60 73 50 120 55 189 131 99 67 55 89 64 90 73 143 73 100 67 58 94 130 78 54 77 115 109 74 66 147 61 88 47 52 109 88 77 45 54 60 97 106 61 119 109 120 179 94 75 51 49 54 50 95 146 114 59 50 107 63 187 149 130 54 101 72 74 109 61 83 90 45 76 70 61 63 61 63 58 76 87 80
117 128 71 92 98 114 67 120 75 50 59 74 87 54 55 61 81 68 81 66 54 67 46 99 64 163 61 57 67 74 130 111 180 60 52 58 78 48 51 69 56 189 67 60 68 62 60 75 66 49 53 78 69 61 78 76 94 62 67 79 50 132 86 115 61 60 48 64 87 82 67 58 77 57 88 72 121 76 50 60 54 62 77 90 77 79 56 78 48 66 55 116 63 69 65 50 55 110 49
51 55 53 73 65 219 59 72 56 50 56 60 57 83 67 62 60 58 109 52 50 75 45 50 81 80 75 53 68 65 83 64 70 72 56 92 74 68 50 57 52 73 73 61 65 71 62 61 60 47 46 90 64 77 45 71 74 98 64 79 50 70 56 73 75 50 48 48 58 48 72 63 76 61 72 72 77 60 66 113 59 67 86 64 63 58 47 62 47 77 76 58 68 69 90 47 63 70 95
54 71 53 66 52 109 50 69 54 55 53 58 59 54 72 100 65 63 62 57 50 76 46 59 69 65 58 69 63 109 57 57 87 64 53 71 82 57 51 51 60 58 69 60 70 92 71 56 98 60 52 61 63 51 45 54 58 62 81 63 51 68 59 66 65 49 77 61 81 50 51 57 67 57 49 59 68 68 64 60 58 63 63 67 61 58 63 64 48 58 73 67 66 67 62 96 56 65 50
52 52 71 66 64 145 48 64 59 51 53 93 70 61 64 60 58 100 63 56 52 64 46 56 65 78 59 55 56 56 55 59 70 61 60 62 64 50 59 64 56 50 68 65 64 67 53 60 59 47 46 63 62 50 44 74 59 68 52 116 58 104 51 72 65 66 49 44 57 64 63 56 72 82 50 62 72 79 47 57 55 71 81 70 70 68 53 68 45 60 56 62 55 62 62 48 52 91 75
56 49 54 72 64 77 49 65 55 50 54 58 68 52 86 79 60 55 58 58 54 67 44 47 71 82 51 71 57 60 58 57 76 61 55 58 82 54 52 69 52 62 88 62 68 69 61 67 59 59 51 59 64 63 45 53 55 63 53 74 54 70 53 65 71 48 49 46 61 61 52 57 68 60 52 61 82 60 46 66 53 65 74 67 73 61 48 62 66 71 54 62 53 61 62 52 53 66 63
50 50 54 65 59 103 53 63 56 56 56 75 73 52 55 78 66 60 63 55 49 86 45 63 78 77 51 59 58 75 67 66 76 67 52 58 66 62 52 46 61 46 71 66 75 66 66 75 99 59 59 56 63 55 44 58 61 59 68 103 52 90 56 64 75 59 55 44 71 46 55 58 68 56 50 59 67 61 47 74 51 63 73 75 62 60 47 66 45 57 53 91 56 70 56 47 53 71 57
55 49 53 74 52 69 52 63 63 54 54 60 59 54 64 63 66 49 63 52 53 66 46 53 66 75 51 54 56 54 59 63 68 63 53 64 64 48 50 47 53 71 63 71 159 68 65 56 60 48 58 54 66 59 46 58 94 67 55 57 50 70 52 78 61 53 51 45 57 61 56 58 66 56 53 53 67 59 46 74 51 64 68 67 78 57 48 61 44 61 59 56 53 62 67 62 51 74 61
