#diffusion 2, seeds 1-100, steps not counts, distances 2-13 
14 12 14 16 13 28 12 20 199 12 290 13 14 17 30 19 21 29 18 13 15 53 11 380 16 220 1267 859 14 16 78 17 17 15 13 14 16 197 678 433 13 915 16 29 85 225 19 17 15 12 13 18 472 14 556 13 48 26 13 15 961 48 60 82 14 66 11 605 114 12 134 42 399 13 13 18 22 17 13 13 15 20 32 38 856 14 13 1186 11 17 14 215 264 23 15 13 13 220 12 72
590 37 387 41 212 24 228 748 686 31 31 72 669 248 587 288 33 36 36 27 31 489 22 240 93 893 499 27 517 32 1301 440 296 71 29 32 873 848 173 1150 320 157 698 249 274 746 42 622 2864 24 76 409 180 26 23 281 43 406 374 30 56 1244 797 302 635 58 29 21 45 261 25 722 159 175 107 27 256 209 24 34 923 38 34 35 41 246 36 49 22 48 1248 29 43 183 407 376 186 73 688 614
136 166 1127 147 67 37 67 239 257 831 158 71 174 433 387 888 298 1264 571 1277 43 1392 302 52 291 216 1491 451 896 182 46 58 1003 300 915 71 123 226 43 36 697 434 937 796 521 747 71 86 84 35 34 107 244 343 36 39 1531 709 102 287 163 379 41 48 56 1867 41 994 322 833 814 388 173 556 1344 964 1083 540 48 88 835 65 58 632 1676 43 41 1459 185 1309 55 572 55 53 212 454 1095 90 62 171
301 48 311 876 53 360 203 330 312 372 543 89 109 367 75 2096 222 85 643 130 1226 196 232 45 221 319 64 116 884 837 483 77 233 259 1096 873 612 361 1321 359 516 237 167 875 112 649 107 635 171 755 1024 585 726 95 168 771 165 57 82 59 161 427 187 744 68 665 656 69 92 180 1301 59 157 221 421 206 495 225 113 212 65 65 324 405 67 678 158 1094 889 768 859 919 678 1035 204 158 220 270 186 840
281 62 297 935 538 199 640 155 1151 579 698 946 71 174 824 78 340 261 139 170 91 541 438 1125 457 104 257 127 82 519 228 199 459 770 123 127 187 694 458 689 339 993 717 380 86 859 959 435 797 622 787 78 209 856 161 390 321 1371 123 73 951 276 532 842 564 79 334 795 223 410 79 490 228 910 277 120 364 645 123 102 375 80 531 326 121 557 122 713 346 399 104 637 201 180 977 101 450 132 824 884
361 451 453 615 224 155 326 448 390 343 304 301 224 97 344 1078 414 81 572 102 396 288 326 155 152 140 170 649 333 532 426 597 216 305 409 1229 1045 470 185 498 719 258 91 505 311 1552 312 780 454 158 304 535 103 621 324 80 386 329 418 671 378 455 501 164 203 241 261 64 445 288 649 237 341 122 205 1002 96 136 705 414 237 377 283 291 244 1257 1963 181 365 847 816 201 384 247 190 360 441 227 757 906
256 558 649 245 150 332 1059 594 287 605 203 671 1495 142 609 539 143 823 1213 323 336 533 458 182 137 192 430 576 1085 632 109 979 315 296 1250 424 412 461 275 2723 296 266 476 963 560 359 184 429 1115 147 676 121 369 196 323 446 477 275 190 157 231 1751 517 138 588 173 124 106 1187 654 248 467 1407 1159 162 1244 268 385 395 126 935 280 346 130 163 1268 554 441 268 388 124 520 162 932 801 202 212 436 88 132
703 909 598 514 335 1424 362 703 132 579 411 451 536 625 552 351 375 815 154 798 348 469 592 367 183 627 273 869 451 1238 276 303 1742 300 1275 472 453 362 299 379 2014 139 526 432 278 230 451 257 202 400 170 1432 397 215 303 515 664 1009 247 365 359 366 664 199 484 210 617 476 111 450 558 2585 441 1752 745 185 148 417 514 417 301 1385 481 776 1245 175 317 981 179 1595 163 125 709 625 851 98 336 173 764 602
119 425 269 400 648 712 223 225 159 386 483 662 344 330 663 478 1034 514 242 743 186 356 102 781 320 1054 256 222 1010 630 258 207 657 1375 537 828 146 502 232 120 911 829 243 294 482 281 193 776 529 314 148 163 577 458 152 279 792 840 521 830 884 530 604 414 410 123 329 253 807 690 430 294 1353 588 1022 166 673 410 656 455 315 1085 307 870 397 230 660 336 1395 685 1020 763 379 565 1348 127 399 762 526 1236
798 177 467 507 494 470 341 178 836 422 343 1239 133 1340 628 424 548 336 2785 519 327 666 965 565 645 158 632 306 415 218 385 938 1179 546 1432 359 397 548 523 671 284 811 568 795 312 323 1183 722 1109 392 340 322 285 1056 903 264 783 358 987 519 141 794 206 289 411 178 662 257 459 665 313 569 594 787 696 1308 787 629 977 131 308 203 248 294 1336 170 905 147 241 1041 1333 272 373 354 405 235 166 526 387 742
213 975 1034 471 405 981 387 212 326 441 229 1562 449 359 663 943 491 1053 962 214 185 848 339 265 1844 302 411 1178 535 661 1684 636 777 339 151 483 693 1020 587 861 432 539 411 465 821 516 1284 1431 607 301 405 474 431 1149 204 399 580 782 1216 169 502 792 710 464 214 222 387 1210 307 517 654 726 304 378 1099 182 1968 1134 365 178 1808 1215 306 1021 463 227 474 394 499 685 209 905 471 1124 335 1109 271 495 1210 638
589 222 386 293 317 482 249 753 847 259 458 704 575 594 689 996 899 567 1201 667 1214 513 302 394 509 980 752 905 229 443 410 827 309 345 337 834 595 288 1067 419 312 345 279 1290 344 596 521 192 339 627 632 768 582 660 844 872 1055 260 1349 581 243 261 941 682 360 693 234 303 267 880 746 578 1576 233 220 626 768 304 954 1053 354 465 186 472 856 1294 757 817 300 290 668 1799 645 873 1709 897 898 255 445 159
