#seeds 1-100, cutoff 30, distances 4-20, diffusion 2, actual steps this time 
50 326 39 165 54 736 47 141 368 82 41 192 286 328 816 367 232 52 51 788 194 90 33 35 49 1267 255 748 463 1187 705 65 307 205 300 957 54 296 356 37 139 375 46 1446 439 419 553 647 560 1082 1327 41 52 734 34 43 799 59 90 63 272 270 61 407 54 261 49 1375 300 891 442 295 565 142 36 483 1024 468 37 95 610 55 1463 94 125 41 160 404 395 182 141 893 182 1741 2520 886 73 200 43 162
68 46 1395 446 51 604 65 389 136 779 144 143 244 323 876 615 1105 555 911 190 480 199 1787 1124 242 269 213 823 148 218 179 451 619 311 241 152 809 232 534 294 275 688 360 489 68 71 313 663 410 689 620 506 470 61 74 323 530 400 546 1764 125 862 260 61 214 1548 353 47 583 48 553 312 625 518 812 1875 178 717 49 263 1108 473 128 108 81 83 1191 880 392 318 2059 226 188 539 695 399 81 639 1275 270
64 381 582 555 148 175 124 305 399 68 509 790 285 133 196 879 344 157 823 1130 442 258 1055 68 343 113 412 351 733 870 153 465 390 589 373 277 285 300 1352 819 565 258 266 289 533 902 420 394 438 312 511 478 501 208 220 661 88 921 633 770 64 235 78 360 565 419 1349 429 70 432 1051 3381 849 1201 68 75 477 1638 58 286 79 81 557 1226 126 241 64 201 790 1411 182 113 238 299 597 158 816 89 1008 77
546 245 762 356 333 92 551 910 744 1435 137 904 810 183 659 154 840 853 306 110 362 235 692 359 206 480 603 564 278 1416 1094 1521 124 1401 79 618 638 990 391 579 522 611 248 470 533 640 388 610 107 490 736 549 796 487 472 1313 842 598 122 834 95 524 664 838 178 303 659 388 950 205 237 232 210 412 1506 1476 127 133 400 278 413 278 740 251 545 410 238 261 456 374 602 1027 634 560 547 360 2604 1389 2049 1587
427 814 143 811 552 144 97 227 802 1580 1835 140 128 355 669 1376 964 1144 1752 389 237 698 679 628 233 1021 842 1431 781 581 1112 128 1677 346 1026 278 565 605 93 1036 875 148 243 240 185 1972 942 1224 107 1588 235 1069 133 183 355 424 1266 1369 684 446 1312 416 234 420 947 266 396 262 715 613 435 866 451 122 332 169 560 279 145 1095 141 677 190 756 110 259 932 225 153 530 1183 295 430 512 816 932 126 257 1849 1723
291 943 738 714 1521 1001 1482 197 182 774 420 1791 98 430 1635 834 129 764 351 816 449 239 297 523 421 1156 319 423 2058 113 307 296 4629 389 129 1553 1286 2257 687 329 760 157 705 212 258 843 1214 582 1539 121 677 184 1322 146 1462 176 931 638 267 544 779 405 775 566 894 1189 457 1303 868 101 518 812 1228 3029 1475 145 181 1675 372 546 135 462 868 356 160 627 885 150 242 754 303 352 355 694 879 264 553 328 451 280
465 652 142 407 1835 284 452 1425 753 1165 485 285 464 537 187 266 280 727 626 313 117 532 721 552 432 2207 255 657 2246 643 1676 152 391 666 1323 1090 423 1767 596 648 5158 1441 418 513 471 969 563 1369 790 408 2221 1563 179 522 909 281 570 434 372 257 305 1918 801 1044 1232 400 450 186 179 116 1343 883 173 582 323 229 769 274 1055 595 535 459 582 1000 802 770 206 382 240 1045 1024 1261 178 209 633 184 1045 758 352 194
541 416 401 312 579 1236 528 1126 614 845 868 170 1162 1439 259 270 734 857 693 890 393 756 913 115 526 621 1248 1288 1232 3297 461 1435 285 265 796 429 480 350 1007 912 213 341 1646 419 847 384 442 703 235 429 899 546 500 326 1166 648 562 276 1031 3502 494 739 753 300 1236 699 1207 306 159 1141 1638 1943 219 1248 523 247 540 1915 295 1275 265 2039 666 1362 1252 183 251 256 180 456 1515 533 533 1337 370 1076 331 341 1112 267
1828 1769 425 248 1459 1426 558 277 1645 663 250 2876 1181 619 788 604 298 1038 1169 399 454 858 206 202 551 798 452 366 665 401 226 589 916 430 734 421 434 150 699 229 300 316 1015 1245 1199 579 506 219 628 617 584 461 189 1216 372 390 398 334 156 518 701 623 627 1819 1234 215 735 1357 1009 249 1054 377 746 224 494 333 1039 2132 183 230 345 1151 659 982 1301 651 2016 321 1144 493 1452 168 1254 192 2450 304 296 939 431 1191
2064 814 151 757 697 1060 480 1374 523 631 1113 788 951 1086 837 786 235 1512 753 953 260 680 521 398 1630 753 943 405 326 586 1136 1836 1326 280 458 418 750 342 1067 567 246 397 1291 272 373 509 649 524 361 503 531 264 1880 1515 633 1541 1160 1448 1382 934 1000 1343 1822 340 623 1780 675 1071 535 913 1829 257 1413 660 973 1136 302 1437 180 715 490 878 637 801 839 2100 427 372 1126 1815 240 491 538 691 689 1285 1109 1461 1461 1965
1337 859 2309 1006 241 1203 784 262 775 1288 475 1051 816 1043 1144 909 1004 554 1778 465 329 767 379 2910 943 1083 980 474 787 785 277 1644 489 494 809 469 397 1275 225 327 174 446 792 484 1087 912 1146 979 203 1918 477 1162 276 1136 1454 1421 926 914 410 2721 581 1494 1088 496 213 880 538 1029 617 582 706 1285 480 303 745 429 728 412 812 407 464 433 597 1891 744 504 492 656 713 1355 1243 1212 590 1180 955 585 241 276 427 828
664 342 1044 928 1604 1579 587 414 1214 532 906 1151 1528 393 251 785 1105 1030 448 579 779 1703 268 929 1167 229 1152 860 554 767 257 899 394 1073 908 753 471 419 1201 806 559 962 1178 804 971 1176 349 828 199 1085 862 679 277 1277 1058 922 490 465 380 780 343 1025 767 867 275 544 474 158 627 922 1005 264 856 684 415 1066 1475 517 1173 370 836 364 896 245 311 275 459 1277 752 456 1099 421 512 612 537 535 334 462 408 529
768 357 536 586 1054 405 389 975 752 660 1300 970 1502 2037 550 1490 319 401 267 1776 1579 440 499 233 847 695 1211 1532 1215 694 656 1517 1721 356 1031 1063 1177 960 391 387 835 1040 749 519 436 1520 1047 862 1132 539 983 1670 850 532 2293 683 757 407 1851 520 653 1003 666 872 237 378 959 269 1392 305 843 1230 442 910 826 224 798 1492 553 1241 2139 1100 1048 620 423 595 569 747 1629 647 548 830 633 1438 359 1884 803 740 1022 577
913 308 246 263 292 337 725 769 408 943 435 924 641 285 1727 972 2766 444 765 2356 1089 841 1427 1100 992 533 2025 1259 676 348 907 497 863 850 981 905 1064 1339 278 1316 333 242 791 1860 283 481 1281 987 1600 1712 609 813 1694 430 645 564 2384 2010 1201 250 1815 649 569 660 413 273 418 1484 950 1580 1157 719 1118 816 868 367 903 745 520 629 617 767 1181 984 461 256 328 558 201 844 590 1559 999 976 1990 716 381 607 1382 570
413 1325 554 651 1848 1516 459 697 1292 582 994 449 937 636 1346 1052 1217 1405 857 998 788 1092 724 447 1126 1583 1227 423 1628 414 667 428 566 1055 884 365 1807 337 452 1132 1425 655 548 1412 1372 530 406 1263 1798 1390 647 392 487 663 1283 415 653 639 1798 481 693 699 413 610 497 282 239 870 681 369 770 474 3826 1647 1811 1509 1407 1359 842 358 905 417 566 698 608 737 1581 657 1099 628 1339 918 950 2185 1707 446 880 1453 1678 485
992 1609 494 699 1822 1586 737 1199 2172 1492 419 1286 1376 544 1391 601 1607 582 741 710 1439 1166 836 748 734 1174 418 420 374 1970 303 802 472 374 446 683 1380 356 396 478 753 691 678 1153 758 1166 1252 485 904 1034 1130 962 455 643 1190 957 664 1196 583 862 667 1320 322 900 367 546 353 508 1902 595 1248 493 971 539 873 636 1478 402 832 262 2532 748 443 584 935 991 636 742 983 489 1599 977 320 1174 1069 826 950 331 692 927
1371 268 1438 2996 456 675 454 587 386 522 419 565 1137 493 1702 1607 532 780 1180 606 1535 854 890 584 1865 1434 628 487 1019 1519 872 1334 1520 576 468 919 964 477 557 778 1083 911 819 1187 696 756 616 311 1561 944 1321 1591 753 2003 1798 1132 559 419 583 2001 1057 462 981 527 779 958 1273 620 614 1807 1168 1648 797 1259 1966 421 319 357 1254 626 666 347 797 387 952 1396 762 1286 291 1310 397 1125 634 1167 736 995 773 710 795 693
550 594 1141 1129 352 766 516 1067 1389 591 2022 1630 488 507 518 1132 2424 1930 964 2283 673 919 476 935 401 428 347 945 726 1797 1367 658 1700 1581 454 889 1182 448 712 959 1138 680 921 840 891 931 716 2049 1067 661 614 1750 1529 1294 909 711 1404 1222 668 1323 749 807 308 1461 946 689 1289 1423 1786 898 1382 1243 2617 1427 1132 1099 2155 775 519 579 1087 1727 725 1398 702 1447 524 478 692 865 1192 1091 722 411 1368 608 768 493 1469 1009
