1 2
[0.577494, 2.92802, 3.257]
2 2
[0.158648, 4.01623, 0.937]
3 2
[0.0336731, 0.980752, 0.797]
4 2
[0.765639, 4.8922, 3.975]
5 2
[0.31767, 1.03296, 1.179]
6 2
[1.13207, 5.70298, 7.757]
7 2
[1.72571, 3.24599, 4.33]
8 2
[2.01069, 2.24812, 0.682]
9 2
[2.82267, 2.74089, 5.624]
10 2
[0.900122, 1.53543, 5.612]
11 2
[1.88242, 3.85954, 7.029]
12 2
[1.48502, 3.96973, 0.198]
13 2
[1.45098, 1.09402, 9.325]
14 2
[2.60245, 2.30109, 9.18]
15 2
[0.962537, 5.64432, 3.138]
16 2
[0.906035, 4.14329, 1.438]
17 2
[1.95957, 1.85377, 2.911]
18 2
[1.40467, 3.57787, 4.062]
19 2
[2.39901, 4.61767, 3.199]
20 2
[1.26933, 3.51559, 0.754]
21 2
[0.622021, 0.621082, 6.595]
22 2
[0.951032, 2.3014, 2.327]
23 2
[0.581592, 1.55314, 0.661]
24 2
[1.86033, 4.60042, 0.537]
25 2
[2.50332, 0.613691, 1.401]
26 2
[2.53915, 2.21967, 0.687]
27 2
[2.27636, 2.71049, 0.277]
28 2
[1.80734, 1.16304, 2.86]
29 2
[0.813422, 5.69608, 1.484]
30 2
[1.48579, 0.787657, 3.762]
31 2
[2.57793, 5.91571, 2.228]
32 2
[2.16105, 0.430046, 3.084]
33 2
[2.38684, 2.01013, 6.509]
34 2
[2.61799, 4.42507, 3.125]
35 2
[2.40205, 0.75811, 0.585]
36 2
[0.507747, 5.74603, 16.342]
37 2
[0.90443, 5.34044, 0.623]
38 2
[1.70208, 3.14029, 0.928]
39 2
[1.32653, 3.02552, 14.8]
40 2
[1.08728, 6.05485, 0.363]
41 2
[0.60098, 4.81429, 1.171]
42 2
[2.11455, 1.7848, 2.626]
43 2
[1.6689, 4.77562, 0.459]
44 2
[1.16795, 0.52649, 1.586]
45 2
[1.40921, 2.24949, 0.699]
46 2
[1.29227, 2.67079, 0.587]
47 2
[2.25133, 1.83956, 2.787]
48 2
[1.45307, 4.73531, 0.229]
49 2
[1.73932, 5.9013, 0.3]
50 2
[2.4128, 1.13861, 10.592]
51 2
[1.12878, 0.10853, 2.34]
52 2
[2.29373, 2.13768, 3.599]
53 2
[2.14607, 3.86799, 2.968]
54 2
[0.557958, 1.82751, 4.527]
55 2
[1.20567, 0.0440413, 5.908]
56 2
[0.112633, 1.23, 2.396]
57 2
[1.95034, 3.9593, 6.292]
58 2
[1.87325, 0.759586, 1.59]
59 2
[1.23882, 0.134663, 2.342]
60 2
[0.262017, 4.9183, 6.512]
61 2
[2.21426, 0.538518, 0.275]
62 2
[2.64401, 5.2307, 5.911]
63 2
[1.48055, 5.63716, 1.127]
64 2
[1.57488, 2.25149, 4.188]
65 2
[1.86606, 1.66477, 3.411]
66 2
[1.88468, 4.18244, 1.506]
67 2
[0.433786, 3.82144, 2.181]
68 2
[0.336913, 6.20251, 4.255]
69 2
[0.831065, 1.4448, 1.646]
70 2
[2.4069, 3.64341, 1.819]
71 2
[1.47855, 4.92381, 14.687]
72 2
[0.548451, 0.463902, 2.372]
73 2
[2.96784, 4.50383, 0.127]
74 2
[0.257067, 2.65537, 0.432]
75 2
[1.94447, 1.16584, 0.571]
76 2
[2.0547, 3.26835, 2.907]
77 2
[0.194667, 0.862552, 5.859]
78 2
[2.61792, 2.04331, 0.088]
79 2
[2.4856, 0.392525, 2.961]
80 2
[0.784422, 6.21348, 8.219]
81 2
[0.821532, 1.26662, 2.896]
82 2
[1.87201, 2.33717, 6.601]
83 2
[2.88136, 4.87514, 1.338]
84 2
[0.744519, 0.411903, 12.653]
85 2
[0.924056, 0.996002, 0.289]
86 2
[0.43086, 6.0933, 1.652]
87 2
[2.4191, 2.33834, 1.183]
88 2
[3.03905, 1.76191, 3.207]
89 2
[2.49451, 0.359493, 5.482]
90 2
[1.90406, 5.03428, 2.022]
91 2
[1.15077, 1.02475, 1.062]
92 2
[1.53192, 2.13371, 3.274]
93 2
[2.76153, 6.10502, 8.066]
94 2
[0.732718, 3.40896, 4.197]
95 2
[1.96902, 5.17432, 1.002]
96 2
[0.604925, 0.574395, 1.478]
97 2
[1.19088, 5.35654, 1.862]
98 2
[1.56098, 1.10672, 3.346]
99 2
[1.51803, 1.95476, 3.781]
100 2
[1.47082, 5.51916, 1.332]
1 3
[0.637843, 2.00364, 3.6]
2 3
[0.653067, 6.04628, 1.986]
3 3
[1.04003, 2.98957, 1.894]
4 3
[0.131543, 6.1096, 5.374]
5 3
[0.782995, 5.31009, 2.901]
6 3
[1.51128, 4.53618, 9.029]
7 3
[2.23353, 2.73465, 4.892]
8 3
[2.42113, 0.942621, 9.157]
9 3
[2.14081, 4.82379, 6.839]
10 3
[2.11991, 1.11487, 5.752]
11 3
[1.50524, 3.13677, 7.391]
12 3
[0.801066, 3.21279, 6.136]
13 3
[0.72754, 0.267118, 14.574]
14 3
[1.96388, 3.69968, 9.946]
15 3
[1.77709, 0.277987, 8.197]
16 3
[0.578735, 3.12306, 1.448]
17 3
[1.52455, 0.642655, 5.73]
18 3
[1.52772, 3.91931, 4.299]
19 3
[1.66753, 3.79782, 6.316]
20 3
[1.82039, 1.97456, 2.86]
21 3
[0.74062, 3.12671, 12.177]
22 3
[1.50877, 2.28054, 22.244]
23 3
[0.938127, 3.76535, 5.462]
24 3
[1.5919, 3.37199, 1.173]
25 3
[1.83191, 3.81778, 8.423]
26 3
[1.76957, 2.21192, 0.871]
27 3
[2.1513, 1.50218, 3.189]
28 3
[1.2786, 1.84395, 9.098]
29 3
[0.824488, 5.31244, 3.429]
30 3
[0.317908, 2.14498, 4.384]
31 3
[0.789696, 5.8051, 5.722]
32 3
[2.429, 1.21196, 15.893]
33 3
[2.31544, 0.415579, 17.064]
34 3
[2.41722, 1.32756, 11.212]
35 3
[2.44677, 5.09348, 4.043]
36 3
[0.755218, 3.33194, 16.629]
37 3
[1.09339, 4.12844, 1.451]
38 3
[0.660799, 2.36871, 9.178]
39 3
[1.78645, 3.36444, 14.908]
40 3
[0.649427, 3.50908, 1.926]
41 3
[1.08653, 4.70893, 1.634]
42 3
[2.23285, 2.29264, 2.79]
43 3
[1.82333, 5.1522, 5.175]
44 3
[1.66027, 5.2724, 2.417]
45 3
[1.61513, 2.26234, 1.665]
46 3
[1.43689, 3.25202, 9.572]
47 3
[2.2306, 0.684467, 4.491]
48 3
[0.297914, 6.0392, 6.357]
49 3
[1.25613, 4.89472, 2.698]
50 3
[2.25695, 1.74762, 15.524]
51 3
[0.734167, 6.12063, 3.181]
52 3
[2.10314, 3.49169, 3.599]
53 3
[1.88281, 1.15541, 11.723]
54 3
[1.1803, 0.784988, 4.587]
55 3
[0.01602, 4.22571, 8.436]
56 3
[0.634897, 4.43473, 2.956]
57 3
[2.17473, 4.00923, 14.953]
58 3
[1.49768, 1.66338, 6.577]
59 3
[1.35411, 0.198933, 2.711]
60 3
[1.46985, 6.24331, 11.887]
61 3
[2.45623, 5.66955, 3.621]
62 3
[1.7921, 5.42007, 5.942]
63 3
[1.33184, 5.41305, 2.266]
64 3
[0.873291, 1.25312, 5.008]
65 3
[2.20953, 5.66788, 7.541]
66 3
[1.54412, 3.98714, 2.227]
67 3
[0.573764, 0.88554, 9.796]
68 3
[1.30078, 5.65726, 6.189]
69 3
[0.167072, 0.470828, 2.02]
70 3
[1.67524, 1.48768, 5.742]
71 3
[1.28259, 4.68505, 19.076]
72 3
[0.67471, 1.74941, 2.673]
73 3
[2.30538, 4.53425, 0.871]
74 3
[0.498389, 1.46431, 0.632]
75 3
[1.37842, 3.04576, 7.236]
76 3
[1.98744, 4.71564, 3.553]
77 3
[1.44608, 3.89888, 7.079]
78 3
[2.18816, 1.01376, 0.311]
79 3
[1.83247, 0.571678, 3.992]
80 3
[0.271718, 2.12876, 8.224]
81 3
[1.22919, 1.0994, 6.818]
82 3
[2.93394, 1.17324, 7.136]
83 3
[2.72652, 3.17815, 2.433]
84 3
[0.895465, 3.29165, 14.14]
85 3
[2.38049, 2.01698, 4.688]
86 3
[1.0736, 1.50088, 2.356]
87 3
[1.89392, 2.78723, 1.227]
88 3
[2.62781, 2.51019, 3.47]
89 3
[0.616396, 3.20332, 1.284]
90 3
[2.58513, 6.12622, 2.247]
91 3
[1.24536, 0.358029, 1.174]
92 3
[1.88912, 6.18645, 4.319]
93 3
[2.34883, 4.34665, 8.541]
94 3
[1.31633, 3.68602, 4.303]
95 3
[1.65137, 5.12196, 1.584]
96 3
[0.485276, 2.17107, 1.594]
97 3
[1.38399, 5.37712, 8.102]
98 3
[1.14606, 5.06876, 4.405]
99 3
[1.60785, 1.78299, 5.798]
100 3
[1.27574, 0.411195, 17.571]
1 4
[1.21297, 2.28191, 3.928]
2 4
[1.3058, 2.20993, 3.571]
3 4
[2.57494, 4.45758, 13.273]
4 4
[0.680304, 3.53393, 10.181]
5 4
[1.09413, 5.65691, 3.608]
6 4
[1.55769, 5.51866, 9.293]
7 4
[0.933663, 3.63215, 5.259]
8 4
[2.81115, 5.88982, 10.038]
9 4
[1.99421, 4.3625, 7.268]
10 4
[1.5408, 1.34018, 6.293]
11 4
[1.504, 2.47355, 7.536]
12 4
[2.1423, 2.52759, 6.666]
13 4
[0.537348, 6.03483, 23.849]
14 4
[2.05674, 5.00816, 24.887]
15 4
[0.470985, 5.86285, 15.03]
16 4
[0.419215, 2.37918, 1.615]
17 4
[1.22035, 1.09327, 5.948]
18 4
[0.256285, 0.0894993, 20.35]
19 4
[2.58983, 0.0126327, 15.749]
20 4
[1.30348, 3.34402, 10.041]
21 4
[0.497301, 4.07356, 12.438]
22 4
[1.24001, 0.928405, 29.704]
23 4
[0.527099, 2.05613, 6.208]
24 4
[2.12976, 1.92762, 10.573]
25 4
[0.526507, 5.82299, 6.997]
26 4
[1.0998, 2.60067, 0.963]
27 4
[2.04487, 3.31808, 16.796]
28 4
[0.394182, 0.912057, 15.428]
29 4
[0.894825, 0.0290874, 3.598]
30 4
[1.19741, 0.333688, 11.046]
31 4
[0.76284, 1.07085, 20.758]
32 4
[1.07465, 1.64276, 24.298]
33 4
[1.2982, 0.236408, 19.135]
34 4
[2.94771, 3.29411, 19.04]
35 4
[1.46533, 0.236726, 7.117]
36 4
[2.2451, 3.36568, 19.823]
37 4
[2.08289, 4.58436, 1.861]
38 4
[1.22771, 2.36095, 9.217]
39 4
[1.21152, 4.52996, 25.941]
40 4
[0.844879, 0.0428107, 6.032]
41 4
[1.46946, 5.10789, 4.376]
42 4
[2.8409, 3.14725, 12.598]
43 4
[2.07705, 4.8444, 5.318]
44 4
[1.92914, 1.71453, 4.874]
45 4
[2.42655, 3.35651, 4.316]
46 4
[1.95006, 4.27593, 2.232]
47 4
[2.69585, 3.27575, 8.717]
48 4
[1.31116, 5.13169, 12.474]
49 4
[1.58668, 5.3115, 2.79]
50 4
[1.1005, 2.39377, 16.497]
51 4
[0.396291, 0.968722, 4.387]
52 4
[2.55305, 3.82407, 4.307]
53 4
[1.23494, 5.79238, 13.672]
54 4
[1.63884, 1.73332, 14.86]
55 4
[1.64712, 4.92518, 9.545]
56 4
[0.367675, 4.38315, 3.079]
57 4
[1.79955, 1.09564, 22.525]
58 4
[1.49043, 1.48101, 16.405]
59 4
[1.18495, 0.362619, 2.826]
60 4
[1.20752, 0.887352, 12.381]
61 4
[1.4314, 1.1881, 4.187]
62 4
[0.314028, 5.53742, 9.253]
63 4
[1.02108, 1.22521, 7.044]
64 4
[0.892347, 0.717968, 5.249]
65 4
[0.506191, 3.49459, 17.23]
66 4
[1.90211, 4.7923, 2.886]
67 4
[0.250969, 1.84159, 9.981]
68 4
[0.106032, 2.26004, 6.53]
69 4
[1.13795, 5.46768, 24.694]
70 4
[2.23311, 5.98397, 8.422]
71 4
[0.786781, 4.62459, 19.297]
72 4
[1.67244, 1.55533, 6.225]
73 4
[1.62403, 4.1741, 21.013]
74 4
[0.917619, 1.81822, 5.982]
75 4
[2.44503, 2.30244, 7.173]
76 4
[2.32504, 0.843044, 14.101]
77 4
[0.540466, 5.2482, 10.376]
78 4
[2.38993, 1.76902, 5.454]
79 4
[1.08323, 4.8158, 9.406]
80 4
[0.687699, 2.60609, 8.433]
81 4
[2.34907, 1.98681, 9.195]
82 4
[2.47861, 1.88556, 7.211]
83 4
[1.78584, 2.14559, 2.737]
84 4
[0.439362, 1.82291, 14.194]
85 4
[1.50651, 3.27143, 7.759]
86 4
[1.93809, 1.1163, 2.558]
87 4
[0.933902, 4.49129, 1.675]
88 4
[2.59626, 3.72229, 7.079]
89 4
[0.191753, 5.65494, 1.018]
90 4
[1.16923, 3.28417, 26.353]
91 4
[1.2291, 5.93695, 2.195]
92 4
[1.39976, 5.71018, 4.845]
93 4
[2.89846, 3.93015, 9.328]
94 4
[1.64025, 3.59728, 18.506]
95 4
[1.85295, 5.86112, 1.941]
96 4
[1.23072, 0.428092, 9.409]
97 4
[1.08389, 1.20927, 13.045]
98 4
[0.212073, 5.24913, 4.399]
99 4
[1.65855, 0.651864, 25.142]
100 4
[1.41379, 2.59067, 9.613]
1 5
[1.3486, 2.96338, 4.323]
2 5
[0.674006, 2.02142, 3.895]
3 5
[1.78788, 3.60218, 18.361]
4 5
[0.882685, 1.07897, 23.774]
5 5
[1.59865, 4.25732, 6.161]
6 5
[0.512336, 5.73168, 10.738]
7 5
[2.25786, 2.55784, 7.599]
8 5
[2.54804, 5.77126, 10.625]
9 5
[0.948593, 4.93251, 8.63]
10 5
[2.28884, 3.69546, 6.743]
11 5
[0.998088, 2.68537, 9.342]
12 5
[1.53688, 5.07075, 9.604]
13 5
[2.79619, 2.51992, 54.886]
14 5
[1.81415, 4.01765, 24.906]
15 5
[0.254995, 5.3364, 13.581]
16 5
[1.39866, 3.03222, 1.998]
17 5
[2.36325, 1.80384, 6.943]
18 5
[2.58669, 3.46502, 25.408]
19 5
[2.18962, 3.73763, 17.255]
20 5
[1.88078, 3.32052, 10.2]
21 5
[1.27568, 0.848093, 13.479]
22 5
[1.68657, 2.03231, 34.204]
23 5
[0.664421, 2.50763, 6.656]
24 5
[2.28216, 0.776712, 15.588]
25 5
[0.872251, 1.20216, 6.988]
26 5
[1.11006, 2.10925, 1.154]
27 5
[1.27315, 3.91041, 19.626]
28 5
[1.90814, 2.22256, 22.801]
29 5
[1.1984, 0.543641, 11.856]
30 5
[1.67857, 0.282969, 12.248]
31 5
[2.72568, 5.05581, 9.24]
32 5
[2.70748, 1.56755, 24.574]
33 5
[2.16725, 1.18138, 19.254]
34 5
[1.40262, 5.34725, 3.845]
35 5
[2.35278, 3.67119, 16.939]
36 5
[2.45378, 4.05714, 20.836]
37 5
[1.72095, 5.49165, 2.002]
38 5
[1.61589, 4.63753, 14.544]
39 5
[0.953888, 5.03893, 14.685]
40 5
[1.45966, 0.647379, 6.212]
41 5
[0.776323, 4.92452, 5.224]
42 5
[1.76483, 6.11949, 19.958]
43 5
[1.3542, 0.39603, 25.383]
44 5
[1.98286, 0.645801, 4.31]
45 5
[1.96423, 3.40434, 5.146]
46 5
[1.29795, 3.60474, 2.161]
47 5
[2.23297, 1.823, 12.503]
48 5
[3.02246, 0.334972, 24.419]
49 5
[2.10077, 5.91927, 10.546]
50 5
[1.69478, 1.31398, 16.41]
51 5
[1.12437, 5.59836, 24.981]
52 5
[1.85171, 3.9493, 4.455]
53 5
[1.6867, 5.80939, 13.583]
54 5
[1.15535, 6.20647, 16.378]
55 5
[0.23472, 5.91537, 21.736]
56 5
[0.64738, 5.61032, 3.307]
57 5
[1.57344, 5.92201, 21.892]
58 5
[1.38707, 1.67718, 16.563]
59 5
[0.755805, 0.232841, 2.977]
60 5
[0.762051, 0.623926, 12.564]
61 5
[2.52366, 1.5201, 4.549]
62 5
[2.15729, 3.00522, 10.234]
63 5
[2.5102, 5.01484, 24.872]
64 5
[1.13302, 5.47939, 9.573]
65 5
[0.49719, 0.604386, 17.152]
66 5
[2.10056, 3.87721, 2.985]
67 5
[1.40173, 5.397, 10.082]
68 5
[0.156068, 5.09001, 9.419]
69 5
[2.42982, 2.97868, 47.566]
70 5
[2.84048, 3.20894, 8.484]
71 5
[1.11691, 4.9863, 19.459]
72 5
[0.804221, 1.33172, 6.729]
73 5
[1.79962, 2.84, 21.428]
74 5
[1.09319, 0.595905, 8.583]
75 5
[2.80536, 0.98944, 7.2]
76 5
[2.6926, 1.94285, 14.546]
77 5
[1.42683, 0.584905, 6.894]
78 5
[1.76963, 3.23738, 19.499]
79 5
[2.51598, 0.979811, 21.421]
80 5
[1.58143, 3.74982, 21.04]
81 5
[1.06499, 0.400395, 21.795]
82 5
[2.30845, 2.36183, 8.009]
83 5
[2.42825, 0.91998, 7.632]
84 5
[1.40667, 1.58873, 14.859]
85 5
[1.06474, 1.85015, 57.816]
86 5
[0.736506, 1.41171, 25.359]
87 5
[0.970275, 3.85342, 10.739]
88 5
[2.50978, 4.01873, 7.303]
89 5
[1.06747, 5.86761, 1.147]
90 5
[2.20051, 2.64429, 26.339]
91 5
[1.78675, 1.27652, 8.482]
92 5
[2.25219, 6.05042, 4.824]
93 5
[2.77895, 2.10444, 9.725]
94 5
[0.998461, 5.20931, 44.839]
95 5
[1.75551, 1.07274, 24.488]
96 5
[0.100595, 0.971261, 13.592]
97 5
[0.789703, 4.97636, 14.466]
98 5
[1.29687, 2.62097, 5.745]
99 5
[0.973558, 0.521645, 28.046]
100 5
[1.97177, 1.77817, 9.399]
1 6
[1.46608, 2.89574, 21.575]
2 6
[2.17253, 0.337883, 19.644]
3 6
[2.24446, 0.31888, 10.619]
4 6
[1.68515, 1.05599, 28.95]
5 6
[1.06044, 4.33287, 25.03]
6 6
[1.00141, 5.6871, 10.936]
7 6
[3.03987, 2.61099, 23.97]
8 6
[2.8023, 4.20422, 23.758]
9 6
[1.64774, 4.20936, 8.357]
10 6
[2.38619, 3.5752, 33.493]
11 6
[1.30924, 3.86224, 10.599]
12 6
[1.3969, 5.20756, 35.839]
13 6
[2.19038, 2.10081, 75.913]
14 6
[1.34725, 2.77345, 31.711]
15 6
[1.19158, 5.64668, 13.619]
16 6
[0.651108, 1.07493, 2.486]
17 6
[2.17598, 2.1538, 9.541]
18 6
[2.3721, 5.40495, 26.073]
19 6
[1.92603, 4.21258, 17.545]
20 6
[0.218669, 4.56899, 11.493]
21 6
[1.62385, 1.00077, 14.443]
22 6
[0.712695, 5.50268, 38.555]
23 6
[1.10376, 2.79138, 7.392]
24 6
[0.532401, 0.359207, 15.286]
25 6
[1.88573, 0.429278, 7.652]
26 6
[1.53727, 1.67928, 8.447]
27 6
[1.62487, 5.61392, 26.387]
28 6
[2.58295, 0.328803, 48.224]
29 6
[0.85244, 0.479761, 12.534]
30 6
[0.447231, 1.49982, 17.171]
31 6
[2.80787, 6.03525, 9.464]
32 6
[2.03811, 1.53932, 24.821]
33 6
[1.4193, 5.6216, 22.484]
34 6
[1.66058, 2.86632, 9.916]
35 6
[3.04665, 0.115651, 16.997]
36 6
[1.09198, 2.97098, 22.647]
37 6
[2.75955, 3.4553, 11.946]
38 6
[2.31546, 2.3121, 29.662]
39 6
[0.516668, 4.20271, 14.784]
40 6
[1.4482, 1.19727, 36.178]
41 6
[0.487289, 5.43607, 58.1]
42 6
[2.67185, 6.14896, 19.962]
43 6
[2.04524, 2.27447, 16.049]
44 6
[1.41157, 6.10126, 4.312]
45 6
[2.71743, 2.96777, 5.19]
46 6
[0.17707, 2.05066, 2.45]
47 6
[1.82054, 1.44745, 27.396]
48 6
[0.704406, 1.24805, 40.587]
49 6
[1.26959, 0.0142182, 12.94]
50 6
[1.07529, 6.2488, 21.128]
51 6
[0.929278, 0.324463, 52.47]
52 6
[1.39652, 4.5894, 4.596]
53 6
[1.56969, 0.47485, 13.907]
54 6
[0.945779, 6.28221, 16.541]
55 6
[1.88325, 1.86847, 47.707]
56 6
[1.30539, 4.13322, 31.966]
57 6
[2.15707, 5.71786, 22.038]
58 6
[1.42446, 2.56606, 18.095]
59 6
[1.11088, 0.196803, 3.286]
60 6
[0.0638047, 1.34976, 24.488]
61 6
[1.44118, 1.68637, 35.772]
62 6
[1.64632, 2.7835, 27.693]
63 6
[0.914315, 1.01191, 8.932]
64 6
[0.765072, 5.21667, 9.208]
65 6
[2.03719, 0.849487, 17.221]
66 6
[1.68793, 3.41278, 13.767]
67 6
[0.997248, 4.09826, 10.119]
68 6
[1.26916, 4.35602, 13.951]
69 6
[1.86038, 1.53883, 35.914]
70 6
[2.1086, 1.26534, 10.387]
71 6
[2.3728, 4.27822, 29.686]
72 6
[0.771127, 1.67736, 9.562]
73 6
[2.70222, 3.85973, 21.796]
74 6
[1.30259, 1.54117, 8.71]
75 6
[0.458337, 0.940263, 5.447]
76 6
[2.16597, 4.47883, 14.826]
77 6
[0.832796, 6.22104, 6.886]
78 6
[1.93073, 1.09149, 23.601]
79 6
[1.68403, 6.03054, 21.582]
80 6
[1.70638, 3.54125, 21.718]
81 6
[1.98656, 2.92764, 26.774]
82 6
[1.78728, 0.933921, 10.339]
83 6
[1.53742, 1.4667, 8.725]
84 6
[1.09492, 2.46211, 15.079]
85 6
[2.14233, 0.120769, 78.555]
86 6
[3.03193, 2.68175, 8.842]
87 6
[1.2221, 4.23317, 18.516]
88 6
[1.45506, 5.1905, 71.653]
89 6
[2.19918, 5.60051, 21.09]
90 6
[2.12938, 0.19593, 40.974]
91 6
[1.67296, 0.70062, 19.225]
92 6
[2.30938, 3.03744, 5.177]
93 6
[1.66548, 1.37948, 12.063]
94 6
[0.76958, 5.20283, 69.512]
95 6
[1.70929, 0.13104, 24.609]
96 6
[1.45716, 1.65871, 55.844]
97 6
[1.62657, 0.408439, 15.018]
98 6
[2.26963, 0.376318, 76.614]
99 6
[0.579677, 6.11851, 27.869]
100 6
[1.38742, 0.817547, 9.399]
1 7
[1.06733, 1.11709, 22.348]
2 7
[1.11165, 0.0687605, 19.652]
3 7
[2.4503, 2.13695, 10.54]
4 7
[0.659744, 0.751487, 28.95]
5 7
[1.17589, 4.7298, 25.373]
6 7
[0.873246, 1.11223, 17.251]
7 7
[1.06357, 1.56472, 21.485]
8 7
[0.839333, 2.50737, 26.882]
9 7
[1.97336, 4.18241, 36.49]
10 7
[2.39258, 3.69588, 33.807]
11 7
[0.483783, 1.20821, 11.449]
12 7
[2.02836, 5.86027, 28.296]
13 7
[1.23952, 5.6856, 43.334]
14 7
[2.58535, 3.58341, 64.853]
15 7
[0.617593, 4.21784, 17.694]
16 7
[2.62364, 1.9827, 4.099]
17 7
[1.56122, 1.86068, 14.196]
18 7
[2.19415, 4.08997, 42.125]
19 7
[1.39068, 2.96541, 19.679]
20 7
[0.706561, 3.08059, 47.997]
21 7
[1.01191, 1.25084, 14.653]
22 7
[1.83846, 3.68713, 106.904]
23 7
[0.753972, 2.00178, 7.745]
24 7
[2.23059, 0.395216, 14.846]
25 7
[1.85091, 3.81257, 38.103]
26 7
[1.13457, 1.69052, 28.645]
27 7
[2.05834, 5.61207, 26.267]
28 7
[2.48365, 0.747853, 48.28]
29 7
[0.807159, 4.5576, 18.793]
30 7
[1.30691, 6.14655, 30.12]
31 7
[2.79901, 4.67192, 36.996]
32 7
[1.74683, 0.193492, 40.038]
33 7
[2.37453, 5.65561, 20.94]
34 7
[1.5559, 5.03813, 8.718]
35 7
[1.88953, 0.106481, 20.52]
36 7
[1.58676, 4.74034, 23.464]
37 7
[1.64944, 3.47649, 12.597]
38 7
[1.1981, 2.37275, 29.935]
39 7
[0.66185, 3.70463, 26.174]
40 7
[1.00721, 5.98205, 36.463]
41 7
[2.30367, 2.22303, 12.44]
42 7
[0.875025, 1.20281, 24.62]
43 7
[1.42581, 2.87693, 16.348]
44 7
[2.39503, 4.80382, 43.864]
45 7
[1.86527, 1.46801, 52.057]
46 7
[0.628058, 0.609464, 28.807]
47 7
[0.863142, 1.7872, 24.875]
48 7
[2.21754, 6.10699, 23.705]
49 7
[1.70815, 0.24943, 13.069]
50 7
[1.83119, 6.0789, 21.459]
51 7
[0.743065, 1.91751, 58.6]
52 7
[0.519863, 3.96077, 5.159]
53 7
[1.23115, 1.81088, 14.738]
54 7
[0.819682, 0.571143, 45.536]
55 7
[2.18931, 2.56, 47.279]
56 7
[1.24366, 5.37715, 32.02]
57 7
[1.83624, 4.61894, 56.399]
58 7
[0.35739, 5.2571, 12.474]
59 7
[2.44766, 5.42238, 25.961]
60 7
[1.56953, 2.2905, 50.686]
61 7
[0.715446, 1.25524, 37.568]
62 7
[2.66047, 4.39622, 12.598]
63 7
[0.353657, 1.39194, 10.653]
64 7
[1.84888, 1.44883, 39.593]
65 7
[1.44127, 1.90708, 20.191]
66 7
[1.30122, 3.28093, 14.246]
67 7
[1.69545, 2.91326, 12.386]
68 7
[0.759481, 4.07758, 14.066]
69 7
[1.84679, 2.61908, 22.335]
70 7
[1.98717, 5.18814, 12.453]
71 7
[2.4, 3.78843, 29.152]
72 7
[1.27439, 5.25415, 20.848]
73 7
[2.11841, 0.72434, 24.842]
74 7
[0.913442, 4.05796, 10.968]
75 7
[0.513474, 2.26584, 6.033]
76 7
[1.7718, 2.2696, 60.657]
77 7
[2.4369, 2.26235, 26.161]
78 7
[0.482021, 2.17192, 28.342]
79 7
[1.23116, 5.33644, 22.371]
80 7
[1.35958, 3.95536, 22.201]
81 7
[2.11044, 5.29799, 25.868]
82 7
[2.26103, 3.4336, 11.452]
83 7
[1.95736, 5.74913, 10.045]
84 7
[2.21595, 1.86736, 15.732]
85 7
[0.634136, 3.33468, 68.863]
86 7
[2.31142, 0.974344, 8.768]
87 7
[1.36135, 4.60924, 24.135]
88 7
[2.45893, 5.12443, 75.628]
89 7
[0.288283, 4.95038, 22.706]
90 7
[1.17639, 1.08435, 44.779]
91 7
[3.09063, 6.2528, 24.549]
92 7
[1.7911, 0.0643443, 22.379]
93 7
[2.40396, 2.23082, 12.066]
94 7
[2.0555, 5.29077, 70.711]
95 7
[2.91181, 5.74383, 37.838]
96 7
[2.2291, 4.14886, 23.583]
97 7
[0.67123, 0.527026, 15.302]
98 7
[1.8466, 4.07638, 36.279]
99 7
[2.49778, 6.18722, 30.808]
100 7
[2.08944, 5.53979, 27.341]
1 8
[1.34747, 2.01918, 22.255]
2 8
[0.558717, 0.325704, 20.842]
3 8
[1.15721, 2.71175, 20.732]
4 8
[2.01887, 2.10841, 36.589]
5 8
[2.90326, 4.78205, 46.228]
6 8
[0.667847, 5.50412, 17.266]
7 8
[2.2975, 2.81315, 60.018]
8 8
[1.47484, 1.91285, 26.894]
9 8
[1.59046, 5.68439, 59.009]
10 8
[2.31737, 3.39877, 34.42]
11 8
[0.871179, 2.49949, 11.441]
12 8
[2.08675, 5.24086, 28.334]
13 8
[1.46647, 6.06615, 43.391]
14 8
[2.21761, 5.5069, 66.693]
15 8
[1.13852, 5.40699, 17.736]
16 8
[2.1557, 2.29808, 4.282]
17 8
[1.55276, 1.91086, 14.805]
18 8
[1.71097, 5.75704, 43.691]
19 8
[2.41976, 3.89325, 19.757]
20 8
[1.73166, 0.0695782, 66.375]
21 8
[1.39039, 3.37803, 42.574]
22 8
[1.48182, 5.16963, 69.251]
23 8
[0.979814, 3.19154, 7.834]
24 8
[2.69755, 0.94819, 14.739]
25 8
[0.621926, 1.55558, 37.619]
26 8
[1.27794, 1.15069, 28.798]
27 8
[2.55231, 5.15749, 24.06]
28 8
[2.19539, 0.688806, 48.456]
29 8
[0.319571, 3.12097, 47.247]
30 8
[0.580304, 2.69576, 37.208]
31 8
[2.4684, 0.314207, 37.005]
32 8
[1.51587, 0.8448, 50.296]
33 8
[2.64493, 0.235084, 21.005]
34 8
[2.60133, 5.71251, 8.8]
35 8
[1.7925, 5.9809, 24.46]
36 8
[2.38337, 2.69421, 31.952]
37 8
[1.96654, 4.42461, 13.043]
38 8
[1.7598, 2.08796, 67.239]
39 8
[1.3509, 5.75735, 15.817]
40 8
[0.728925, 5.45672, 36.831]
41 8
[2.51519, 1.17089, 12.335]
42 8
[1.69163, 1.9359, 24.619]
43 8
[2.55732, 3.49629, 48.922]
44 8
[2.26127, 2.01021, 87.026]
45 8
[2.21453, 1.20635, 53.3]
46 8
[2.8456, 5.23609, 44.418]
47 8
[1.74329, 1.23286, 32.697]
48 8
[1.85438, 3.94398, 67.571]
49 8
[0.503854, 0.345579, 62.505]
50 8
[0.251816, 5.42742, 115.29]
51 8
[0.463986, 0.543322, 58.832]
52 8
[0.3923, 2.72688, 55.018]
53 8
[1.7694, 1.55469, 14.777]
54 8
[1.80583, 4.19634, 55.128]
55 8
[1.69116, 2.0805, 47.056]
56 8
[2.26532, 0.40733, 32.51]
57 8
[2.51885, 4.83132, 56.476]
58 8
[0.688442, 0.789016, 12.456]
59 8
[0.872801, 2.47417, 35.16]
60 8
[0.893853, 1.57407, 50.704]
61 8
[1.89036, 4.76017, 40.507]
62 8
[1.52512, 1.66643, 42.964]
63 8
[1.06376, 6.27864, 10.775]
64 8
[0.857381, 2.38867, 41.361]
65 8
[0.62327, 1.14665, 56.416]
66 8
[1.29896, 2.98314, 23.712]
67 8
[1.22445, 3.02074, 12.804]
68 8
[0.654625, 6.22191, 14.173]
69 8
[1.08551, 2.41493, 33.761]
70 8
[1.96433, 4.65352, 12.569]
71 8
[2.41788, 2.55349, 26.936]
72 8
[1.54839, 1.02794, 52.387]
73 8
[2.21475, 5.81605, 25.097]
74 8
[2.04235, 2.63657, 11.423]
75 8
[1.15752, 0.576763, 6.029]
76 8
[2.35215, 5.64256, 62.934]
77 8
[1.84436, 2.12915, 25.472]
78 8
[1.57316, 2.05716, 28.342]
79 8
[2.55566, 0.368513, 36.404]
80 8
[0.319527, 6.01524, 60.503]
81 8
[2.37239, 0.391645, 25.978]
82 8
[2.42481, 2.74522, 36.264]
83 8
[2.90265, 5.19795, 13.965]
84 8
[2.0637, 1.63322, 15.855]
85 8
[1.21717, 3.61013, 64.1]
86 8
[0.805332, 2.77404, 19.467]
87 8
[1.44485, 0.451853, 31.769]
88 8
[2.36197, 4.80214, 82.199]
89 8
[0.900153, 5.8375, 22.728]
90 8
[1.18156, 4.91606, 12.064]
91 8
[0.911989, 4.91526, 20.858]
92 8
[0.412221, 2.2449, 59.543]
93 8
[1.88366, 5.5809, 17.302]
94 8
[1.58484, 0.0672367, 71.89]
95 8
[0.95903, 4.57416, 79.135]
96 8
[1.75037, 2.08202, 18.926]
97 8
[1.97637, 0.378836, 20.974]
98 8
[1.21568, 3.48263, 36.237]
99 8
[2.33067, 1.14786, 30.842]
100 8
[0.765822, 5.19257, 39.071]
1 9
[1.48955, 3.34653, 22.374]
2 9
[0.122104, 2.16529, 24.372]
3 9
[0.333029, 0.559148, 74.254]
4 9
[1.40967, 2.29614, 36.564]
5 9
[2.30932, 1.85391, 43.904]
6 9
[1.40937, 2.88632, 24.081]
7 9
[1.01127, 1.19385, 54.489]
8 9
[1.98397, 2.92948, 27.192]
9 9
[1.93362, 5.78884, 59.08]
10 9
[0.655024, 6.01637, 59.907]
11 9
[1.24007, 2.71355, 11.499]
12 9
[1.8154, 4.69087, 28.622]
13 9
[1.46736, 0.66869, 43.613]
14 9
[1.52756, 4.57447, 29.249]
15 9
[0.60771, 4.28322, 61.42]
16 9
[0.524793, 0.580807, 37.415]
17 9
[0.486951, 3.29727, 34.991]
18 9
[0.593158, 2.14248, 31.305]
19 9
[2.12465, 4.67993, 35.119]
20 9
[1.86858, 0.609946, 58.325]
21 9
[1.09216, 2.50981, 42.934]
22 9
[2.48331, 0.687062, 69.057]
23 9
[1.1997, 2.33454, 23.457]
24 9
[1.78981, 3.95888, 15.903]
25 9
[1.74203, 1.63439, 52.899]
26 9
[0.960993, 3.55741, 80.958]
27 9
[2.57032, 4.87685, 24.255]
28 9
[2.88606, 2.38982, 23.153]
29 9
[0.942345, 5.17629, 47.472]
30 9
[2.48653, 5.47445, 33.416]
31 9
[1.05167, 0.33771, 40.618]
32 9
[1.61685, 5.58162, 29.34]
33 9
[1.09335, 2.03914, 24.355]
34 9
[3.01744, 3.70334, 9.185]
35 9
[1.93603, 5.84031, 36.745]
36 9
[2.0787, 3.83517, 31.965]
37 9
[2.17302, 2.4082, 104.202]
38 9
[0.49396, 3.02798, 34.065]
39 9
[1.35914, 4.51348, 15.811]
40 9
[1.22696, 2.28317, 38.614]
41 9
[1.77627, 0.285701, 12.334]
42 9
[0.642126, 6.07505, 13.104]
43 9
[2.88398, 3.14627, 49.765]
44 9
[1.64871, 1.21854, 86.648]
45 9
[1.92571, 2.57752, 56.466]
46 9
[2.30524, 1.84016, 44.4]
47 9
[1.91373, 1.63969, 32.952]
48 9
[2.51979, 0.912955, 56.244]
49 9
[2.14123, 3.09098, 99.648]
50 9
[1.12036, 6.10445, 115.306]
51 9
[1.44798, 3.11625, 61.332]
52 9
[2.70698, 3.55027, 52.59]
53 9
[2.00871, 2.40014, 86.119]
54 9
[2.01651, 4.46034, 52.152]
55 9
[1.12568, 1.53928, 47.001]
56 9
[1.94044, 5.8839, 32.765]
57 9
[0.792652, 4.81671, 55.059]
58 9
[0.761622, 0.425183, 12.671]
59 9
[0.412887, 0.766608, 35.151]
60 9
[2.53687, 1.09292, 35.808]
61 9
[0.807672, 3.98056, 32.415]
62 9
[1.11149, 0.973869, 42.657]
63 9
[1.73654, 2.33, 17.699]
64 9
[0.536385, 3.67219, 41.855]
65 9
[1.30507, 0.0869214, 56.8]
66 9
[2.4548, 1.58999, 22.488]
67 9
[1.64888, 0.883349, 71.348]
68 9
[0.687491, 1.60162, 22.072]
69 9
[2.01708, 5.64081, 25.149]
70 9
[2.48626, 1.36935, 21.393]
71 9
[2.32354, 3.8005, 26.895]
72 9
[0.159761, 5.20641, 67.706]
73 9
[2.52394, 6.02463, 33.346]
74 9
[1.52532, 2.68894, 11.754]
75 9
[1.423, 0.157289, 6.078]
76 9
[1.50383, 5.36745, 59.521]
77 9
[1.0457, 2.87617, 25.46]
78 9
[2.09508, 5.52886, 56.402]
79 9
[0.997581, 6.07137, 36.701]
80 9
[1.52652, 5.13796, 38.163]
81 9
[0.881507, 2.52544, 47.749]
82 9
[2.7941, 5.78618, 46.626]
83 9
[2.76013, 1.9161, 14.051]
84 9
[1.58144, 1.14057, 15.903]
85 9
[1.16283, 1.84836, 69.189]
86 9
[2.13554, 2.05092, 19.084]
87 9
[1.11421, 4.26482, 14.512]
88 9
[1.75532, 5.87834, 83.655]
89 9
[1.13643, 3.35975, 43.948]
90 9
[1.985, 5.67858, 12.03]
91 9
[1.42, 4.11538, 9.098]
92 9
[1.37202, 1.20573, 58.777]
93 9
[2.9415, 3.76535, 17.369]
94 9
[1.87849, 5.16924, 71.63]
95 9
[0.542545, 4.05357, 78.477]
96 9
[0.91226, 1.24628, 19.894]
97 9
[2.77014, 3.93243, 64.641]
98 9
[0.939194, 1.26401, 36.693]
99 9
[0.738619, 5.49048, 61.209]
100 9
[1.13902, 4.65633, 75.502]
1 10
[2.14262, 3.12637, 32.76]
2 10
[0.643092, 1.51337, 28.612]
3 10
[0.405928, 3.08359, 74.202]
4 10
[2.30733, 2.37795, 80.319]
5 10
[2.17262, 2.09905, 43.659]
6 10
[1.19336, 3.6888, 24.045]
7 10
[2.63584, 5.66634, 31.359]
8 10
[2.08999, 5.43727, 80.502]
9 10
[2.29893, 2.56883, 89.278]
10 10
[0.386624, 3.46541, 22.822]
11 10
[2.76624, 5.32618, 63.416]
12 10
[1.09435, 5.40455, 29.94]
13 10
[1.00992, 6.11354, 44.464]
14 10
[1.05209, 3.62865, 29.278]
15 10
[2.03816, 2.0629, 58.988]
16 10
[2.58535, 2.44999, 15.148]
17 10
[1.04879, 2.10237, 35.01]
18 10
[1.65856, 1.22072, 30.322]
19 10
[2.84838, 2.62803, 63.704]
20 10
[1.74362, 5.28796, 57.89]
21 10
[1.87256, 3.98068, 24.367]
22 10
[1.56274, 0.917543, 69.087]
23 10
[1.02822, 0.844898, 18.86]
24 10
[2.88136, 3.98507, 16.51]
25 10
[2.1804, 1.42196, 53.303]
26 10
[1.90304, 4.57244, 47.857]
27 10
[2.02034, 5.14629, 50.773]
28 10
[0.850119, 2.80548, 51.923]
29 10
[0.900269, 1.55885, 100.043]
30 10
[1.74855, 5.58955, 34.821]
31 10
[1.53268, 0.79709, 40.744]
32 10
[1.91667, 0.125383, 29.364]
33 10
[1.84471, 1.8384, 24.45]
34 10
[2.13202, 1.64714, 30.121]
35 10
[0.288493, 1.5912, 48.154]
36 10
[0.307237, 3.88273, 45.338]
37 10
[1.48049, 3.37644, 104.174]
38 10
[0.905327, 3.11694, 34.112]
39 10
[1.43441, 4.51583, 60.948]
40 10
[0.54545, 1.69499, 38.628]
41 10
[1.55011, 4.99578, 45.755]
42 10
[1.98395, 5.63459, 12.958]
43 10
[2.68566, 1.14125, 26.899]
44 10
[1.60214, 2.79127, 77.44]
45 10
[0.887347, 0.649457, 62.11]
46 10
[2.42339, 2.97639, 48.757]
47 10
[2.15712, 1.61117, 44.909]
48 10
[1.14623, 0.887021, 42.692]
49 10
[0.608795, 2.92779, 89.171]
50 10
[1.26674, 3.34419, 71.008]
51 10
[0.66516, 0.710356, 62.468]
52 10
[2.0883, 3.53997, 52.979]
53 10
[2.21048, 4.7281, 86.619]
54 10
[2.09028, 5.24912, 52.137]
55 10
[1.66635, 3.50912, 35.29]
56 10
[0.655035, 4.85934, 50.334]
57 10
[1.79104, 5.01145, 55.026]
58 10
[1.6391, 1.47418, 13.189]
59 10
[1.94317, 6.20718, 52.839]
60 10
[0.586805, 4.42704, 32.626]
61 10
[0.0574241, 0.379998, 32.399]
62 10
[0.726538, 0.0909018, 42.691]
63 10
[1.59365, 3.5995, 17.129]
64 10
[0.608012, 2.38244, 42.188]
65 10
[2.13121, 0.293998, 57.076]
66 10
[0.633632, 4.9655, 17.17]
67 10
[1.52856, 1.28165, 71.188]
68 10
[1.19144, 2.12778, 22.259]
69 10
[1.72551, 5.1903, 25.123]
70 10
[2.18116, 1.63606, 21.733]
71 10
[3.05372, 1.44961, 33.223]
72 10
[0.499114, 6.14075, 107.842]
73 10
[2.53431, 2.99019, 63.759]
74 10
[0.121133, 2.01326, 60.33]
75 10
[1.63649, 5.78215, 6.297]
76 10
[2.46948, 5.52981, 59.879]
77 10
[1.20938, 3.84569, 25.609]
78 10
[1.35083, 2.38821, 76.033]
79 10
[1.86023, 1.79016, 43.695]
80 10
[1.11955, 0.879012, 29.125]
81 10
[1.23594, 1.33744, 47.795]
82 10
[2.09815, 4.58309, 51.308]
83 10
[1.73798, 4.9221, 15.557]
84 10
[1.28662, 5.93272, 41.87]
85 10
[1.94519, 2.69786, 48.316]
86 10
[1.61967, 1.4974, 19.098]
87 10
[0.943929, 4.20716, 80.81]
88 10
[1.72852, 1.67976, 61.617]
89 10
[0.663143, 2.19602, 43.186]
90 10
[0.232328, 3.24128, 15.593]
91 10
[0.805035, 0.692768, 5.48]
92 10
[1.27899, 5.53296, 48.943]
93 10
[2.07827, 1.90028, 17.368]
94 10
[1.52447, 4.91032, 72.213]
95 10
[0.679241, 4.60328, 78.178]
96 10
[0.740435, 1.57276, 22.181]
97 10
[2.24953, 2.42254, 27.176]
98 10
[2.55231, 2.0302, 39.167]
99 10
[2.1142, 5.26183, 54.976]
100 10
[0.929485, 6.07153, 75.662]
1 11
[1.94169, 2.18965, 36.954]
2 11
[0.851946, 3.87062, 45.458]
3 11
[1.306, 6.22974, 39.319]
4 11
[2.05742, 4.51628, 71.423]
5 11
[1.99342, 2.03885, 43.265]
6 11
[1.49679, 5.45009, 24.389]
7 11
[2.61158, 3.16326, 31.36]
8 11
[2.82805, 6.14487, 81.053]
9 11
[2.33089, 2.7563, 90.266]
10 11
[1.4289, 3.02322, 22.823]
11 11
[0.51013, 0.207763, 82.179]
12 11
[0.818358, 5.98064, 31.419]
13 11
[0.51565, 4.06713, 31.495]
14 11
[1.9668, 2.03979, 53.926]
15 11
[2.70051, 1.09124, 58.815]
16 11
[1.9366, 1.57919, 15.185]
17 11
[1.65994, 1.43656, 36.798]
18 11
[0.856647, 0.801836, 29.991]
19 11
[0.505613, 3.42465, 36.842]
20 11
[0.865594, 5.98116, 57.609]
21 11
[1.3826, 3.56871, 23.626]
22 11
[0.186409, 0.328202, 69.933]
23 11
[1.99852, 6.23751, 112.672]
24 11
[2.19781, 2.50516, 24.392]
25 11
[1.39702, 4.08172, 55.888]
26 11
[1.50526, 4.17406, 47.357]
27 11
[2.41817, 3.74919, 50.796]
28 11
[1.81198, 6.20288, 16.034]
29 11
[2.05006, 2.43726, 74.642]
30 11
[1.52771, 0.260817, 34.854]
31 11
[1.34536, 1.92327, 56.255]
32 11
[1.69921, 5.64264, 29.682]
33 11
[2.09936, 5.96121, 35.051]
34 11
[2.74368, 1.62243, 30.181]
35 11
[1.74492, 5.41047, 118.808]
36 11
[1.26785, 4.13435, 45.436]
37 11
[2.81662, 4.1636, 105.984]
38 11
[1.83245, 0.619726, 58.767]
39 11
[1.96492, 2.29562, 134.772]
40 11
[0.213218, 2.08538, 52.9]
41 11
[1.22087, 4.94995, 46.005]
42 11
[2.9636, 4.82526, 12.975]
43 11
[3.1266, 3.64269, 46.029]
44 11
[1.24532, 1.58489, 48.199]
45 11
[2.07412, 0.917579, 62.173]
46 11
[1.50835, 2.53046, 48.826]
47 11
[1.51722, 3.30382, 87.548]
48 11
[1.47714, 0.909698, 42.981]
49 11
[0.247438, 0.263048, 88.701]
50 11
[0.989287, 1.85135, 70.229]
51 11
[0.82984, 6.2536, 62.607]
52 11
[1.40217, 4.06418, 53.1]
53 11
[2.65696, 1.9953, 134.358]
54 11
[1.20869, 0.314225, 113.928]
55 11
[1.17248, 3.91266, 35.275]
56 11
[1.10484, 2.42627, 41.732]
57 11
[0.652436, 2.69427, 48.812]
58 11
[2.13039, 3.94542, 14.071]
59 11
[0.680662, 4.24256, 53.498]
60 11
[0.392108, 4.0872, 34.332]
61 11
[1.80763, 5.28993, 12.203]
62 11
[1.39117, 5.43637, 72.996]
63 11
[2.48145, 1.37898, 13.074]
64 11
[0.360941, 1.33428, 50.909]
65 11
[1.38843, 4.72376, 69.495]
66 11
[0.436355, 5.19066, 19.621]
67 11
[0.675427, 2.18292, 71.211]
68 11
[0.892127, 1.46177, 22.315]
69 11
[2.02577, 4.95529, 24.912]
70 11
[1.89489, 0.441687, 22.334]
71 11
[2.23717, 5.04497, 33.231]
72 11
[1.70208, 2.07882, 45.86]
73 11
[2.54806, 3.9446, 63.853]
74 11
[1.01451, 3.39693, 61.048]
75 11
[1.42848, 6.04559, 6.435]
76 11
[2.43295, 5.03101, 60.034]
77 11
[0.397432, 0.0601719, 62.184]
78 11
[2.73867, 0.662502, 80.605]
79 11
[1.50891, 0.883773, 43.708]
80 11
[0.0904207, 3.98262, 29.183]
81 11
[0.951262, 0.207771, 48.346]
82 11
[1.40414, 6.05665, 52.807]
83 11
[2.59638, 4.7594, 15.51]
84 11
[0.963286, 3.485, 86.086]
85 11
[1.80265, 1.49572, 70.871]
86 11
[1.01273, 1.59896, 19.187]
87 11
[0.921593, 5.99028, 100.667]
88 11
[1.95776, 0.869145, 58.871]
89 11
[0.655139, 0.825791, 43.174]
90 11
[1.79651, 5.07412, 14.9]
91 11
[0.44306, 3.57872, 5.881]
92 11
[2.18096, 6.05145, 48.881]
93 11
[2.19351, 0.732773, 15.808]
94 11
[0.62171, 3.68377, 130.101]
95 11
[1.56113, 4.04804, 102.509]
96 11
[0.54341, 5.94381, 85.505]
97 11
[2.33424, 1.77652, 27.132]
98 11
[1.79515, 0.9475, 76.402]
99 11
[2.66892, 6.10875, 54.935]
100 11
[1.30316, 5.98054, 75.716]
1 12
[2.15728, 0.306687, 39.965]
2 12
[2.17238, 0.866842, 109.807]
3 12
[1.15696, 1.16209, 38.854]
4 12
[1.22283, 3.85473, 71.493]
5 12
[0.87773, 2.28678, 43.269]
6 12
[1.2073, 5.82224, 24.638]
7 12
[1.6411, 5.87064, 79.707]
8 12
[2.90364, 1.87033, 81.351]
9 12
[1.74122, 4.16612, 90.47]
10 12
[1.60839, 2.84784, 23.468]
11 12
[1.86483, 5.79828, 77.009]
12 12
[1.19124, 5.45588, 31.625]
13 12
[0.507473, 0.550397, 31.496]
14 12
[2.00622, 0.783833, 57.714]
15 12
[2.59062, 6.02921, 59.104]
16 12
[2.88363, 3.44666, 15.509]
17 12
[2.43222, 0.897682, 37.181]
18 12
[0.764547, 5.4997, 29.991]
19 12
[1.19775, 4.01464, 36.817]
20 12
[1.18635, 0.855727, 54.866]
21 12
[1.6147, 3.61396, 22.985]
22 12
[0.408163, 4.95928, 70.169]
23 12
[1.48816, 0.76454, 38.192]
24 12
[0.882753, 4.74127, 62.772]
25 12
[1.40909, 5.33225, 55.515]
26 12
[1.73732, 3.10101, 47.32]
27 12
[1.44156, 5.18842, 55.424]
28 12
[1.94024, 0.518983, 16.127]
29 12
[0.975289, 1.70314, 74.33]
30 12
[1.01605, 2.73284, 61.411]
31 12
[2.77603, 0.812167, 56.55]
32 12
[1.4869, 1.25095, 47.459]
33 12
[2.2299, 5.66119, 35.592]
34 12
[0.508915, 1.85161, 40.264]
35 12
[1.73538, 5.84203, 119.27]
36 12
[1.54861, 3.64367, 108.494]
37 12
[1.87169, 3.93773, 51.293]
38 12
[1.9825, 1.74055, 58.766]
39 12
[1.48173, 2.78995, 135.226]
40 12
[2.16587, 6.21468, 92.87]
41 12
[0.623925, 5.59119, 48.089]
42 12
[2.1919, 4.94043, 23.252]
43 12
[2.00832, 5.20867, 46.411]
44 12
[0.369938, 0.54, 48.201]
45 12
[0.689397, 6.03192, 53.204]
46 12
[0.627578, 0.0494681, 93.836]
47 12
[1.90954, 5.00438, 21.664]
48 12
[0.848748, 4.38867, 56.977]
49 12
[1.25203, 5.71529, 88.714]
50 12
[1.3348, 0.756519, 70.236]
51 12
[0.946205, 4.85879, 64.444]
52 12
[0.362493, 4.78105, 53.583]
53 12
[1.12287, 1.18925, 147.735]
54 12
[1.22201, 3.61311, 50.347]
55 12
[1.39486, 1.9249, 44.354]
56 12
[2.373, 4.48709, 21.877]
57 12
[1.63018, 2.90838, 48.793]
58 12
[2.76878, 2.43501, 14.068]
59 12
[1.35332, 5.86023, 53.899]
60 12
[0.683314, 0.44713, 34.598]
61 12
[0.588287, 2.54469, 59.394]
62 12
[1.41383, 1.60435, 82.835]
63 12
[2.73816, 1.88425, 14.96]
64 12
[2.13861, 4.64966, 42.437]
65 12
[2.05116, 5.34049, 69.482]
66 12
[1.25113, 2.48484, 19.947]
67 12
[1.82042, 5.32288, 62.886]
68 12
[0.356179, 6.09401, 22.485]
69 12
[2.31225, 4.47317, 24.651]
70 12
[2.59586, 1.34163, 22.339]
71 12
[1.29966, 5.25028, 34.298]
72 12
[1.13809, 1.08259, 122.303]
73 12
[1.02328, 0.548925, 40.849]
74 12
[1.25654, 2.09322, 73.638]
75 12
[0.858086, 1.41705, 8.38]
76 12
[2.00056, 3.66026, 60.257]
77 12
[0.568363, 4.16076, 63.32]
78 12
[2.71091, 4.38598, 81.015]
79 12
[1.43418, 0.065662, 43.845]
80 12
[0.652657, 1.59676, 29.574]
81 12
[2.15419, 0.775119, 48.992]
82 12
[2.19375, 0.589481, 52.802]
83 12
[2.15246, 0.99337, 61.874]
84 12
[0.368467, 2.32572, 86.52]
85 12
[1.56781, 1.88552, 76.62]
86 12
[1.05049, 0.278214, 123.443]
87 12
[1.95576, 5.26424, 27.953]
88 12
[2.51237, 0.444156, 58.822]
89 12
[1.36088, 4.04776, 59.659]
90 12
[1.93889, 6.16983, 15.209]
91 12
[0.713866, 0.945346, 5.842]
92 12
[2.80263, 0.782782, 49.048]
93 12
[1.90175, 1.55243, 15.975]
94 12
[1.92031, 0.8599, 128.038]
95 12
[0.710974, 4.55341, 103.618]
96 12
[2.46811, 3.83164, 45.34]
97 12
[2.49174, 0.658858, 27.058]
98 12
[1.6513, 3.53526, 76.525]
99 12
[1.93773, 0.40042, 55.183]
100 12
[2.85181, 0.138421, 102.413]
1 13
[2.62683, 1.35964, 39.033]
2 13
[2.05086, 0.516301, 109.76]
3 13
[1.26398, 1.93187, 38.879]
4 13
[0.923666, 3.39493, 71.621]
5 13
[0.485667, 4.47801, 45.147]
6 13
[1.35784, 2.92311, 34.815]
7 13
[1.60323, 0.86084, 78.841]
8 13
[0.885686, 0.153381, 82.081]
9 13
[2.2217, 3.96971, 90.546]
10 13
[1.92327, 3.42005, 23.916]
11 13
[0.529106, 3.93657, 75.416]
12 13
[1.60012, 2.90755, 40.541]
13 13
[1.56012, 1.99016, 38.633]
14 13
[2.18253, 1.95768, 57.666]
15 13
[2.63028, 5.66939, 59.415]
16 13
[1.90993, 1.91917, 15.547]
17 13
[1.73642, 3.14481, 78.542]
18 13
[2.45288, 1.49893, 112.341]
19 13
[2.33616, 1.21257, 100.757]
20 13
[0.862898, 1.00081, 54.477]
21 13
[0.838655, 2.66457, 124.508]
22 13
[1.59315, 4.79014, 77.828]
23 13
[0.658505, 1.24915, 38.224]
24 13
[2.18005, 1.63085, 37.317]
25 13
[2.29369, 6.04568, 55.501]
26 13
[1.88281, 1.60557, 47.436]
27 13
[1.58948, 4.28909, 55.415]
28 13
[2.9099, 1.40793, 19.903]
29 13
[1.83961, 2.73864, 55.808]
30 13
[0.822459, 1.49445, 61.441]
31 13
[1.97809, 5.09113, 57.004]
32 13
[3.08908, 2.52355, 93.542]
33 13
[2.34664, 0.68391, 36.194]
34 13
[0.552258, 2.23585, 40.205]
35 13
[2.62578, 0.160705, 120.416]
36 13
[2.11285, 0.732661, 111.673]
37 13
[1.92025, 3.44767, 51.539]
38 13
[2.10668, 2.3119, 58.891]
39 13
[1.8895, 5.41129, 125.054]
40 13
[1.86012, 6.19692, 92.91]
41 13
[1.84964, 0.582044, 79.881]
42 13
[2.04351, 2.4013, 30.943]
43 13
[2.39783, 4.80917, 46.893]
44 13
[1.13097, 3.17221, 82.735]
45 13
[0.582993, 0.0419946, 53.082]
46 13
[0.538124, 0.275256, 146.949]
47 13
[1.99489, 5.23834, 21.504]
48 13
[0.733442, 5.26862, 57.422]
49 13
[1.91665, 4.65857, 135.179]
50 13
[0.77694, 0.933809, 31.499]
51 13
[0.93893, 2.6132, 108.894]
52 13
[1.88472, 2.957, 82.921]
53 13
[2.25154, 1.60824, 152.804]
54 13
[2.25717, 4.60672, 50.148]
55 13
[0.9299, 1.37722, 44.398]
56 13
[1.76014, 4.93238, 21.905]
57 13
[2.58954, 2.48567, 48.962]
58 13
[1.03818, 2.43319, 75.082]
59 13
[0.860023, 1.11374, 102.704]
60 13
[1.49395, 1.49348, 53.73]
61 13
[0.688216, 0.507364, 59.488]
62 13
[1.75252, 5.89209, 81.994]
63 13
[2.28561, 0.19696, 15.199]
64 13
[2.07963, 3.25793, 42.371]
65 13
[1.60663, 6.20855, 69.732]
66 13
[1.87971, 3.79631, 20.081]
67 13
[1.69487, 4.82345, 62.244]
68 13
[1.66267, 3.98302, 52.259]
69 13
[0.697891, 4.5194, 58.788]
70 13
[2.0521, 3.72948, 29.466]
71 13
[2.96852, 3.79492, 88.571]
72 13
[1.1129, 1.29573, 159.019]
73 13
[1.32593, 3.87205, 34.286]
74 13
[1.39152, 4.83561, 91.473]
75 13
[1.61014, 0.417359, 8.398]
76 13
[2.84314, 2.25293, 60.535]
77 13
[2.42804, 1.17776, 60.983]
78 13
[1.33877, 4.13198, 82.296]
79 13
[0.157008, 4.6781, 109.221]
80 13
[1.267, 3.48081, 85.95]
81 13
[1.63463, 3.43443, 52.439]
82 13
[1.37931, 3.99102, 83.691]
83 13
[3.06126, 2.12905, 92.216]
84 13
[0.462151, 0.708484, 92.311]
85 13
[2.65034, 5.94464, 77.322]
86 13
[1.60631, 2.47386, 138.759]
87 13
[1.08617, 5.69987, 27.677]
88 13
[2.17849, 0.776659, 59.729]
89 13
[1.48799, 5.02822, 59.558]
90 13
[1.24023, 0.560236, 119.601]
91 13
[1.94275, 1.40888, 6.014]
92 13
[2.48822, 0.531199, 50.664]
93 13
[2.21668, 3.94053, 17.767]
94 13
[0.712862, 0.745622, 51.378]
95 13
[1.07274, 4.66921, 131.373]
96 13
[2.18429, 3.95368, 44.376]
97 13
[1.65272, 0.741603, 113.229]
98 13
[1.00206, 3.91488, 63.938]
99 13
[1.92573, 1.00262, 55.257]
100 13
[2.03193, 0.533819, 102.447]
1 14
[2.83101, 0.198863, 39.811]
2 14
[1.01597, 4.8851, 122.595]
3 14
[1.75603, 4.51956, 41.054]
4 14
[1.54463, 3.19085, 76.27]
5 14
[0.915214, 6.18929, 103.498]
6 14
[1.38821, 3.54021, 34.727]
7 14
[1.55518, 1.87586, 78.849]
8 14
[1.22855, 0.684618, 81.809]
9 14
[0.243139, 4.76131, 164.563]
10 14
[2.0671, 3.60064, 24.089]
11 14
[1.28447, 3.77888, 76.873]
12 14
[0.972334, 2.6223, 40.638]
13 14
[1.2107, 1.4006, 109.137]
14 14
[0.318304, 4.74011, 182.33]
15 14
[0.656664, 1.71185, 108.18]
16 14
[1.71878, 2.25003, 15.988]
17 14
[1.7336, 2.996, 56.586]
18 14
[3.07858, 3.7708, 112.291]
19 14
[2.20636, 3.43953, 101.227]
20 14
[1.09531, 0.185936, 86.23]
21 14
[0.94326, 2.5708, 124.778]
22 14
[0.653388, 4.39325, 77.697]
23 14
[1.74229, 1.22278, 31.924]
24 14
[1.66534, 2.29852, 37.49]
25 14
[0.877711, 6.00355, 127.913]
26 14
[1.28295, 2.81021, 50.591]
27 14
[1.69049, 2.9793, 97.348]
28 14
[2.3242, 0.746871, 20.627]
29 14
[2.39339, 0.735659, 55.55]
30 14
[2.29869, 3.07356, 63.444]
31 14
[1.85081, 5.14887, 61.385]
32 14
[0.784244, 1.68071, 130.124]
33 14
[2.60575, 2.41412, 55.833]
34 14
[1.23062, 3.30532, 40.082]
35 14
[1.8384, 5.79809, 120.665]
36 14
[0.953068, 0.354237, 111.442]
37 14
[2.03694, 0.845733, 44.362]
38 14
[1.7705, 2.92274, 59.102]
39 14
[1.45742, 4.52896, 124.972]
40 14
[1.85305, 0.227268, 93.041]
41 14
[2.04727, 6.16424, 80.274]
42 14
[2.54379, 2.32517, 31.221]
43 14
[2.02255, 6.08783, 48.321]
44 14
[2.05134, 3.83587, 115.204]
45 14
[0.670296, 5.70229, 52.919]
46 14
[1.74681, 5.18806, 143.741]
47 14
[0.285099, 0.111639, 20.0]
48 14
[1.16627, 5.6579, 57.543]
49 14
[1.66448, 5.3243, 135.335]
50 14
[1.73449, 4.5979, 74.062]
51 14
[1.86909, 5.06613, 90.137]
52 14
[2.80925, 5.35372, 75.194]
53 14
[0.909657, 4.37508, 132.01]
54 14
[2.76293, 4.71599, 49.727]
55 14
[1.75097, 1.10054, 33.731]
56 14
[1.62736, 5.25864, 22.023]
57 14
[1.81396, 1.12866, 99.337]
58 14
[1.14532, 5.33329, 75.685]
59 14
[1.55077, 1.40905, 111.316]
60 14
[1.71968, 3.80522, 100.722]
61 14
[0.397619, 4.4023, 60.154]
62 14
[1.18291, 1.73594, 66.908]
63 14
[1.46522, 0.839354, 140.856]
64 14
[1.36699, 4.67739, 43.072]
65 14
[1.00934, 2.61759, 93.003]
66 14
[0.746256, 4.1953, 118.759]
67 14
[0.813056, 4.51131, 62.355]
68 14
[1.92863, 0.937356, 50.364]
69 14
[1.43371, 5.15131, 64.544]
70 14
[2.06096, 3.50456, 29.693]
71 14
[2.31903, 5.8779, 88.664]
72 14
[2.70572, 0.0879258, 148.101]
73 14
[1.21056, 3.34485, 34.581]
74 14
[2.4689, 0.395497, 58.628]
75 14
[1.38856, 0.193942, 8.464]
76 14
[2.61842, 0.991928, 30.743]
77 14
[2.63634, 6.18391, 60.311]
78 14
[2.2895, 3.50494, 82.297]
79 14
[0.926894, 2.57708, 76.975]
80 14
[2.91544, 2.05675, 103.433]
81 14
[1.90025, 5.18268, 51.54]
82 14
[1.97689, 3.51186, 84.017]
83 14
[0.307886, 1.95603, 77.42]
84 14
[1.56537, 1.88461, 172.126]
85 14
[2.09507, 1.11459, 77.322]
86 14
[0.854676, 0.927614, 147.925]
87 14
[0.389265, 3.72725, 27.983]
88 14
[0.972032, 0.0963082, 82.63]
89 14
[1.63954, 5.78837, 59.717]
90 14
[1.72291, 2.47264, 102.403]
91 14
[1.59486, 2.57472, 36.388]
92 14
[2.24423, 0.873663, 51.202]
93 14
[2.58822, 5.11671, 85.713]
94 14
[0.474183, 4.81043, 51.391]
95 14
[1.01181, 0.256366, 152.987]
96 14
[1.13735, 3.87084, 44.374]
97 14
[1.3768, 0.344919, 113.419]
98 14
[2.05736, 3.21964, 62.003]
99 14
[1.36725, 1.82018, 56.241]
100 14
[0.487617, 0.372131, 110.149]
1 15
[1.1116, 0.874231, 56.482]
2 15
[2.84095, 6.10793, 99.272]
3 15
[2.44882, 3.33649, 41.237]
4 15
[2.29967, 1.91495, 194.671]
5 15
[1.34349, 1.24048, 97.383]
6 15
[1.60001, 5.395, 54.996]
7 15
[1.41257, 1.24302, 79.423]
8 15
[1.10196, 1.71397, 79.941]
9 15
[1.59694, 1.44356, 156.331]
10 15
[1.0915, 1.39362, 103.757]
11 15
[1.56141, 4.28179, 78.264]
12 15
[1.40533, 2.86757, 40.738]
13 15
[0.192949, 4.30813, 51.28]
14 15
[1.7553, 3.15257, 297.337]
15 15
[2.28179, 1.9902, 96.408]
16 15
[2.57724, 4.09793, 48.793]
17 15
[2.72095, 4.35946, 101.416]
18 15
[0.564088, 5.99039, 191.798]
19 15
[2.22435, 3.12143, 101.314]
20 15
[0.627424, 1.29301, 86.207]
21 15
[1.45953, 0.00268929, 95.381]
22 15
[1.10318, 1.00414, 77.991]
23 15
[1.22922, 1.93523, 31.932]
24 15
[1.87547, 3.86371, 78.335]
25 15
[1.33527, 0.664841, 127.889]
26 15
[2.98636, 2.81215, 108.267]
27 15
[1.96077, 1.6764, 178.64]
28 15
[0.289547, 5.55823, 32.836]
29 15
[1.84382, 5.37373, 51.786]
30 15
[1.94204, 2.36926, 63.384]
31 15
[2.71673, 5.76897, 61.227]
32 15
[2.24535, 2.74419, 198.316]
33 15
[2.07979, 2.33804, 56.195]
34 15
[2.32105, 3.24889, 68.066]
35 15
[0.584684, 5.02023, 228.534]
36 15
[2.02267, 0.265319, 110.475]
37 15
[1.89554, 6.11998, 44.34]
38 15
[0.974292, 3.48003, 59.656]
39 15
[1.75778, 4.93924, 120.657]
40 15
[1.77443, 1.67847, 103.416]
41 15
[1.93781, 3.86197, 44.856]
42 15
[1.50384, 4.11907, 35.068]
43 15
[1.29043, 4.46669, 69.765]
44 15
[1.80024, 3.53668, 92.02]
45 15
[1.8448, 0.341394, 52.584]
46 15
[1.92385, 4.71591, 107.397]
47 15
[2.06688, 6.14754, 21.143]
48 15
[1.27625, 0.583982, 66.759]
49 15
[2.4803, 5.20064, 147.479]
50 15
[0.934561, 5.60859, 134.46]
51 15
[0.960169, 1.91447, 108.165]
52 15
[2.26585, 5.35354, 75.415]
53 15
[1.55511, 4.02249, 131.924]
54 15
[2.5999, 6.21396, 49.761]
55 15
[1.32776, 2.95803, 43.499]
56 15
[1.37996, 4.7311, 40.035]
57 15
[1.25041, 6.15387, 100.018]
58 15
[1.3222, 6.124, 75.669]
59 15
[1.17844, 1.0288, 111.961]
60 15
[1.5555, 4.05363, 100.065]
61 15
[1.78058, 4.68357, 79.07]
62 15
[1.5972, 2.36018, 66.621]
63 15
[1.64579, 3.75538, 106.96]
64 15
[1.00882, 3.43352, 43.058]
65 15
[1.67229, 1.77591, 92.995]
66 15
[0.510819, 4.16844, 119.752]
67 15
[1.30501, 3.30175, 136.728]
68 15
[1.13327, 0.71752, 50.39]
69 15
[0.515488, 6.01058, 66.714]
70 15
[1.87236, 1.69983, 80.174]
71 15
[2.01141, 5.73643, 88.804]
72 15
[1.61913, 1.62147, 147.901]
73 15
[1.69728, 3.99262, 34.628]
74 15
[2.88858, 1.55297, 50.776]
75 15
[1.75264, 6.01969, 8.768]
76 15
[2.82131, 5.8888, 31.158]
77 15
[1.76837, 5.09049, 60.29]
78 15
[1.19462, 2.17364, 83.403]
79 15
[2.14924, 3.67594, 109.149]
80 15
[0.768149, 2.01456, 131.312]
81 15
[2.60505, 5.87485, 52.061]
82 15
[1.76569, 5.67619, 78.362]
83 15
[1.73533, 1.88852, 77.487]
84 15
[1.60226, 1.57423, 172.71]
85 15
[1.03418, 0.199556, 79.431]
86 15
[1.17123, 2.14107, 216.086]
87 15
[0.693927, 2.88864, 28.106]
88 15
[1.51636, 5.42559, 82.66]
89 15
[0.731145, 5.91667, 68.25]
90 15
[2.46656, 3.3167, 102.62]
91 15
[0.311817, 0.405255, 35.83]
92 15
[3.0757, 5.92432, 51.43]
93 15
[0.607195, 3.0566, 78.589]
94 15
[0.437032, 0.543038, 96.186]
95 15
[1.31231, 0.292893, 153.626]
96 15
[1.15834, 0.977166, 132.06]
97 15
[1.91917, 0.734146, 123.921]
98 15
[1.51291, 3.10007, 62.041]
99 15
[2.08276, 3.69931, 81.859]
100 15
[1.9409, 3.94087, 106.246]
1 16
[2.1168, 2.05856, 54.205]
2 16
[1.72787, 0.111955, 99.119]
3 16
[0.231101, 1.44695, 43.026]
4 16
[1.15211, 1.72833, 194.429]
5 16
[1.53669, 1.23444, 110.434]
6 16
[1.71896, 5.75862, 66.515]
7 16
[2.46937, 3.91321, 74.675]
8 16
[1.78943, 1.85423, 80.015]
9 16
[0.354888, 2.70038, 155.384]
10 16
[1.2225, 1.86731, 103.597]
11 16
[1.24681, 4.66702, 124.77]
12 16
[1.16786, 3.45016, 40.77]
13 16
[1.5584, 5.89807, 113.84]
14 16
[0.891867, 5.95056, 283.271]
15 16
[1.18056, 1.35909, 91.626]
16 16
[2.6492, 2.23154, 48.727]
17 16
[0.892718, 3.28444, 157.6]
18 16
[0.82082, 4.53722, 191.877]
19 16
[1.50507, 2.50002, 216.717]
20 16
[1.40427, 1.3931, 64.376]
21 16
[2.41657, 3.011, 104.776]
22 16
[2.05459, 2.59323, 125.261]
23 16
[0.662103, 2.40185, 32.161]
24 16
[2.54423, 4.21688, 78.668]
25 16
[1.61218, 5.88663, 90.318]
26 16
[3.05582, 3.525, 135.795]
27 16
[1.87695, 4.182, 98.169]
28 16
[1.16875, 1.74035, 33.462]
29 16
[0.982849, 5.23996, 51.88]
30 16
[1.69037, 1.00399, 187.864]
31 16
[1.22999, 0.460253, 61.519]
32 16
[2.29047, 1.28342, 198.395]
33 16
[1.68662, 1.70174, 56.514]
34 16
[0.915896, 1.49257, 71.994]
35 16
[0.617952, 5.5322, 228.799]
36 16
[1.55217, 5.61885, 110.45]
37 16
[0.799661, 5.42953, 44.547]
38 16
[1.59387, 4.54842, 64.09]
39 16
[1.41898, 4.45917, 120.729]
40 16
[2.03455, 1.83987, 64.289]
41 16
[2.28115, 5.10174, 44.603]
42 16
[1.11752, 1.73022, 65.455]
43 16
[1.97243, 5.76377, 48.547]
44 16
[2.62086, 5.12114, 87.342]
45 16
[2.29529, 0.500495, 52.619]
46 16
[1.75036, 3.88665, 107.2]
47 16
[2.05935, 5.37309, 62.142]
48 16
[1.52735, 0.621055, 110.963]
49 16
[1.75126, 0.238293, 172.164]
50 16
[0.799924, 3.03225, 37.639]
51 16
[0.50637, 2.71387, 111.007]
52 16
[1.91946, 4.72988, 76.251]
53 16
[2.42, 0.249498, 132.67]
54 16
[2.3371, 0.784591, 95.11]
55 16
[1.04839, 3.19985, 42.633]
56 16
[0.717512, 4.94925, 40.155]
57 16
[1.1536, 6.22701, 99.77]
58 16
[1.51845, 1.52423, 125.698]
59 16
[1.81013, 2.77101, 110.733]
60 16
[1.76584, 4.12272, 61.351]
61 16
[0.214695, 1.99182, 71.851]
62 16
[1.87281, 2.59549, 66.212]
63 16
[0.88752, 4.22332, 106.894]
64 16
[1.31483, 2.68861, 44.373]
65 16
[1.20533, 2.14458, 117.411]
66 16
[2.1024, 5.4087, 59.595]
67 16
[1.61192, 4.70431, 213.766]
68 16
[1.16841, 6.09559, 52.717]
69 16
[0.693483, 2.2432, 144.386]
70 16
[2.57112, 1.98676, 80.211]
71 16
[1.90719, 6.02226, 88.907]
72 16
[0.762384, 1.53158, 148.081]
73 16
[2.69798, 5.58246, 37.29]
74 16
[0.973713, 4.05743, 198.136]
75 16
[2.30934, 0.326766, 68.477]
76 16
[1.08036, 4.91894, 63.162]
77 16
[1.59938, 5.70062, 60.624]
78 16
[2.38732, 0.653463, 112.255]
79 16
[1.87791, 4.03001, 102.089]
80 16
[1.2867, 2.94833, 133.228]
81 16
[1.85525, 5.73867, 52.17]
82 16
[2.30116, 4.86757, 77.061]
83 16
[2.62402, 1.16454, 77.748]
84 16
[1.13462, 4.11622, 175.591]
85 16
[1.25132, 1.33665, 79.675]
86 16
[2.5345, 1.05179, 143.59]
87 16
[0.422356, 4.95919, 123.148]
88 16
[2.46445, 4.69594, 97.049]
89 16
[0.731952, 1.43619, 83.436]
90 16
[2.9452, 3.84687, 102.699]
91 16
[1.97888, 1.72491, 36.631]
92 16
[1.95282, 1.42553, 62.085]
93 16
[0.933818, 3.14875, 78.633]
94 16
[1.59318, 6.16185, 52.421]
95 16
[0.720384, 2.7559, 66.152]
96 16
[2.61152, 6.0057, 111.483]
97 16
[1.91897, 0.710873, 125.084]
98 16
[1.88855, 0.592135, 84.803]
99 16
[2.153, 2.34835, 81.88]
100 16
[1.37435, 4.14594, 106.035]
1 17
[2.01388, 2.12063, 54.345]
2 17
[1.04039, 6.12809, 99.16]
3 17
[0.393847, 5.63868, 44.082]
4 17
[2.223, 0.715553, 148.679]
5 17
[2.3684, 2.13338, 97.288]
6 17
[1.43267, 5.27907, 66.844]
7 17
[1.1222, 2.63999, 79.899]
8 17
[2.23169, 3.69696, 179.976]
9 17
[1.05517, 3.27716, 155.202]
10 17
[1.25811, 3.18812, 111.27]
11 17
[1.65762, 3.41586, 126.736]
12 17
[2.05218, 3.77114, 92.229]
13 17
[0.990618, 5.90706, 114.173]
14 17
[2.38476, 4.34017, 68.796]
15 17
[1.39644, 0.246046, 91.619]
16 17
[1.84719, 2.25471, 145.749]
17 17
[1.42116, 1.52811, 181.338]
18 17
[2.38531, 4.2726, 192.863]
19 17
[1.82601, 2.32086, 176.295]
20 17
[1.03519, 1.52651, 64.18]
21 17
[2.62555, 3.39797, 102.688]
22 17
[1.91685, 1.65919, 126.966]
23 17
[0.469538, 4.39522, 62.988]
24 17
[0.901959, 5.8899, 60.568]
25 17
[2.262, 0.399084, 90.333]
26 17
[1.93255, 0.130327, 135.993]
27 17
[0.421108, 3.12584, 126.201]
28 17
[1.60675, 0.974246, 34.098]
29 17
[1.96954, 0.904818, 47.355]
30 17
[1.56489, 2.07529, 64.396]
31 17
[2.7814, 2.95693, 81.566]
32 17
[1.34492, 5.68332, 139.401]
33 17
[2.66172, 2.66032, 97.517]
34 17
[1.30464, 1.1409, 71.758]
35 17
[0.830664, 2.18222, 258.012]
36 17
[1.1203, 4.5843, 112.49]
37 17
[0.695528, 5.95074, 44.939]
38 17
[1.42686, 3.64182, 64.157]
39 17
[2.90005, 1.9836, 130.284]
40 17
[0.99207, 1.508, 64.214]
41 17
[0.472422, 4.66455, 45.085]
42 17
[1.17482, 2.56825, 64.442]
43 17
[2.85429, 2.17342, 118.526]
44 17
[1.96351, 5.60211, 87.484]
45 17
[0.651614, 3.0174, 77.106]
46 17
[1.08894, 2.99897, 107.218]
47 17
[0.306056, 5.19482, 44.924]
48 17
[1.91807, 0.097301, 111.107]
49 17
[1.96343, 6.00813, 172.364]
50 17
[0.515897, 1.42843, 37.547]
