4
[273, 380]
5
[651, 461]
2
[103, 64, 57, 130, 75, 109, 86, 242, 105, 62, 68, 80, 101, 105, 115, 306, 252, 98, 343, 79, 71, 331, 62, 27, 310, 94, 110, 87, 122, 189, 80, 284, 254, 71, 65, 84, 107, 33, 102, 68, 153, 34, 129, 119, 202, 199, 133, 107, 121, 39, 78, 57, 138, 88, 53, 71, 148, 325, 60, 99, 82, 118, 116, 117, 142, 66, 49, 31, 104, 58, 104, 186, 159, 95, 104, 72, 219, 164, 83, 115, 113, 241, 174, 132, 216, 163, 68, 246, 70, 59, 229, 90, 64, 130, 138, 86, 75, 271, 122, 68]
3
[257, 161, 208, 284, 168, 240, 239, 560, 251, 202, 250, 250, 166, 154, 169, 177, 375, 329, 397, 166, 168, 462, 182, 212, 224, 246, 228, 226, 233, 296, 353, 313, 314, 338, 288, 376, 534, 174, 225, 171, 191, 101, 470, 204, 272, 341, 659, 291, 189, 158, 199, 379, 348, 340, 188, 160, 186, 200, 121, 236, 233, 395, 208, 368, 342, 249, 154, 133, 176, 134, 268, 259, 277, 262, 177, 253, 316, 218, 172, 142, 224, 326, 488, 419, 200, 230, 169, 264, 116, 159, 255, 195, 114, 284, 272, 144, 344, 413, 270, 242]
4
[273, 380, 277, 594, 388, 291, 492, 424, 409, 368, 232, 611, 307, 452, 436, 511, 522, 422, 506, 337, 363, 660, 381, 286, 524, 463, 314, 536, 303, 527, 460, 523, 571, 528, 358, 434, 490, 307, 472, 305, 416, 197, 722, 461, 349, 481, 437, 375, 378, 347, 337, 594, 494, 388, 203, 412, 438, 622, 328, 404, 299, 429, 488, 680, 235, 365, 234, 231, 538, 334, 323, 380, 467, 431, 268, 527, 686, 597, 249, 566, 228, 532, 445, 633, 417, 350, 282, 492, 311, 390, 523, 538, 307, 365, 311, 336, 303, 603, 395, 393]
5
[651, 461, 505, 890, 501, 950, 571, 979, 477, 462, 390, 1274, 519, 452, 636, 819, 945, 593, 470, 924, 693, 748, 647, 442, 707, 780, 459, 534, 692, 567, 699, 681, 829, 701, 568, 526, 764, 453, 570, 472, 456, 679, 844, 800, 529, 1158, 661, 691, 607, 529, 470, 547, 801, 567, 510, 477, 644, 702, 499, 499, 502, 1007, 497, 765, 646, 485, 458, 468, 498, 421, 715, 617, 602, 492, 600, 692, 691, 808, 486, 608, 505, 996, 659, 1146, 653, 783, 654, 760, 403, 645, 888, 682, 836, 591, 461, 798, 600, 812, 614, 425]
6
[703, 717, 527, 822, 844, 1068, 835, 910, 1261, 616, 747, 835, 871, 625, 771, 877, 980, 900, 1177, 985, 733, 967, 746, 664, 1042, 958, 797, 844, 1286, 660, 951, 961, 991, 970, 705, 1402, 1324, 646, 809, 571, 989, 661, 1007, 731, 1335, 1308, 893, 1026, 788, 643, 812, 795, 978, 880, 717, 634, 827, 988, 624, 754, 763, 968, 719, 1076, 929, 887, 876, 827, 873, 920, 781, 752, 1155, 569, 817, 779, 823, 1014, 872, 874, 1065, 966, 657, 975, 1319, 892, 735, 750, 594, 755, 1106, 774, 881, 710, 764, 844, 757, 903, 771, 874]
7
[1056, 714, 1120, 1181, 726, 1330, 1017, 1165, 1502, 906, 899, 1212, 976, 989, 1136, 1124, 1637, 1033, 1526, 1024, 830, 1063, 1065, 728, 1107, 1291, 971, 1334, 1536, 983, 856, 988, 1062, 1591, 833, 1149, 1744, 872, 773, 911, 830, 1038, 1231, 1235, 1151, 1028, 1118, 1219, 1232, 945, 1211, 1125, 1193, 1064, 1018, 1212, 1121, 1125, 825, 1033, 1156, 1315, 1089, 1126, 1069, 1024, 843, 686, 955, 1435, 1263, 1204, 1267, 1264, 960, 1021, 972, 1206, 1085, 928, 1086, 1349, 888, 1482, 1277, 1188, 1232, 1113, 594, 1405, 949, 1293, 1032, 1217, 1235, 931, 1259, 1143, 1340, 723]
8
[1243, 1487, 1179, 1540, 1408, 1590, 1161, 1627, 2101, 825, 1192, 1510, 1365, 1189, 1113, 2055, 1498, 1533, 1190, 942, 1117, 1929, 1408, 1471, 1797, 1000, 1432, 1879, 1518, 1259, 1246, 1739, 1658, 1743, 916, 1916, 1286, 1177, 1042, 1297, 1059, 1329, 1688, 1520, 1920, 1666, 1817, 1266, 1476, 857, 1389, 1614, 1468, 1160, 870, 1635, 1086, 1964, 960, 1875, 1567, 1620, 1224, 1419, 1931, 1415, 916, 1216, 1310, 1418, 1600, 1498, 2091, 1404, 1084, 1417, 2195, 1654, 1049, 1176, 1615, 1554, 1431, 1452, 1463, 1347, 1251, 1227, 939, 1339, 1627, 1402, 1573, 1600, 1199, 1268, 1145, 1856, 1221, 958]
9
[1777, 2312, 1493, 1346, 1343, 2069, 1318, 2458, 1566, 1956, 1205, 1876, 1980, 1509, 1887, 1597, 1796, 1695, 2194, 1520, 1962, 1819, 1131, 1568, 1911, 2166, 1340, 2110, 1946, 1902, 1987, 1647, 1879, 1555, 1142, 1965, 2236, 1264, 1508, 1686, 1596, 1351, 2058, 2281, 1867, 1767, 1794, 1930, 2214, 1652, 1447, 2054, 2193, 1534, 1331, 1983, 2068, 1528, 1656, 1894, 1854, 1927, 1803, 1777, 1510, 1482, 1102, 1510, 2370, 1470, 1536, 1834, 2038, 1503, 1246, 1723, 1870, 1346, 1370, 1668, 2593, 1482, 2017, 1761, 2119, 1718, 1539, 2101, 1304, 1954, 2108, 1378, 1681, 2181, 1764, 1282, 1610, 2206, 1933, 1229]
10
[1544, 1898, 2128, 2789, 1899, 2586, 1512, 1988, 1568, 1834, 1641, 2494, 2020, 1765, 2079, 2620, 3730, 1735, 1717, 1381, 1829, 2542, 1744, 1205, 2980, 2427, 1651, 2194, 2258, 1594, 1904, 3347, 2119, 2611, 2037, 1881, 2167, 1378, 1593, 1963, 2773, 1881, 2004, 1543, 2363, 2586, 2055, 2385, 2055, 1929, 1437, 2484, 1783, 2534, 1923, 2050, 1737, 1993, 1705, 1897, 2365, 2375, 1819, 2520, 2082, 1524, 1638, 1414, 2093, 1461, 2161, 2028, 2615, 2637, 1753, 1961, 2133, 2495, 1587, 1600, 1550, 1886, 2385, 2330, 2517, 2011, 1587, 2276, 1699, 1754, 3258, 1627, 1837, 2813, 1819, 2862, 1549, 2887, 2789, 1625]
11
[1895, 1782, 1594, 2412, 2361, 2541, 2391, 2763, 2842, 2243, 1682, 2291, 2628, 2949, 2395, 3056, 2965, 2767, 2115, 2167, 2194, 2362, 2514, 2019, 2353, 2487, 2024, 3059, 3036, 2943, 2857, 3064, 3549, 2539, 2437, 2691, 3282, 2032, 3137, 1822, 2552, 2322, 2476, 1990, 2578, 2512, 2763, 1959, 2273, 2153, 2249, 2812, 2366, 1953, 2524, 2195, 2550, 2663, 1908, 3207, 2486, 2225, 2093, 3750, 1896, 2975, 2248, 1880, 1692, 1880, 2547, 2858, 3261, 2261, 2114, 2467, 2796, 2579, 2480, 2299, 2099, 2919, 2292, 2396, 2706, 2507, 2370, 3075, 2084, 2386, 1968, 2432, 1806, 2120, 2168, 2142, 3177, 3457, 2423, 2115]
12
[2070, 3049, 2933, 2472, 2868, 3112, 2464, 3203, 3219, 2915, 2052, 2796, 2355, 2870, 2302, 3207, 2686, 3895, 3284, 2235, 2728, 2776, 2538, 3021, 3214, 2904, 2998, 3284, 3277, 2834, 2981, 3219, 3052, 3508, 2130, 2237, 2665, 2512, 2320, 2399, 2705, 2931, 3751, 3709, 3199, 3002, 2590, 2558, 2320, 2000, 2236, 2303, 2850, 2657, 2306, 2166, 3401, 2801, 2285, 2736, 2793, 3148, 2028, 2683, 3106, 3165, 1605, 2823, 2891, 2659, 3827, 2260, 2615, 2391, 2529, 2504, 3617, 2636, 2799, 3009, 2761, 2217, 2730, 2014, 3074, 2152, 2662, 3608, 2052, 2431, 3517, 2879, 2713, 3333, 2533, 2370, 2461, 2896, 3009, 2394]
13
[3687, 2699, 2518, 4014, 2548, 3409, 2426, 4256, 3036, 2753, 2718, 3462, 3129, 3290, 2868, 3764, 2961, 2640, 3448, 3325, 3576, 3194, 3117, 2063, 3316, 3378, 3184, 3271, 3284, 3588, 2593, 4515, 3281, 2838, 3571, 3950, 3454, 2244, 2905, 3785, 2808, 3537, 3378, 3449, 3144, 3743, 3198, 3345, 3515, 3068, 2895, 3315, 3020, 3460, 2256, 2503, 3233, 2926, 2440, 3229, 2595, 4449, 2730, 2953, 2773, 4207, 2735, 2524, 3495, 2885, 3694, 3076, 3281, 3249, 2548, 2942, 3657, 3328, 3147, 2303, 2633, 3425, 3432, 3426, 3120, 3218, 2550, 3521, 2569, 3051, 2930, 3499, 2892, 3816, 3271, 2487, 2686, 4403, 3923, 2155]
14
[3843, 3069, 2956, 3543, 3299, 4675, 2683, 3624, 4569, 3364, 2390, 3668, 3774, 3907, 2975, 6009, 3740, 4416, 3567, 3599, 3173, 3140, 2423, 2930, 3730, 3893, 3516, 3304, 3062, 4768, 3577, 4470, 5120, 4108, 2532, 3367, 3189, 2759, 3422, 2614, 4608, 3811, 3769, 3974, 3092, 3660, 4944, 3979, 3722, 2705, 3345, 3884, 4412, 2154, 4913, 2918, 2701, 3842, 3027, 3695, 4081, 4008, 3752, 4499, 3503, 3852, 2382, 2749, 3069, 3078, 5397, 3339, 3929, 4474, 3565, 4445, 3218, 3608, 2867, 2822, 3043, 3029, 4413, 4712, 4137, 2321, 2569, 4730, 2760, 3902, 3342, 3648, 3445, 4021, 3447, 3636, 3246, 4442, 3922, 2328]
15
[3814, 3596, 3459, 4899, 4133, 3749, 3134, 4365, 5175, 4363, 3479, 4701, 3616, 3876, 3866, 4554, 3471, 4473, 3582, 3798, 4291, 4495, 3707, 3716, 4474, 4864, 3637, 4390, 3331, 4035, 4387, 5078, 4345, 6040, 3111, 4717, 5195, 4037, 3354, 4549, 2894, 3571, 3769, 4540, 5743, 4018, 3311, 3917, 4331, 4115, 4175, 3589, 4241, 3820, 2791, 4108, 4291, 3927, 3531, 3428, 4662, 4876, 3717, 4018, 4223, 4253, 3188, 3836, 3619, 2966, 4701, 3391, 5696, 4171, 3302, 3475, 4227, 4813, 3120, 3367, 3799, 4209, 3042, 4499, 5287, 3198, 4312, 5417, 2645, 3192, 4870, 3652, 4126, 4794, 4140, 4061, 3467, 4890, 3883, 2779]
16
[3444, 4694, 3106, 4368, 4162, 4233, 4018, 4079, 4353, 3457, 3105, 5665, 5283, 4516, 4763, 5300, 5590, 4700, 4724, 4376, 4419, 4082, 3881, 3070, 4375, 6488, 5235, 5960, 4501, 4287, 3379, 4069, 5220, 3906, 4608, 4072, 4747, 4082, 2788, 5175, 4402, 4127, 5794, 4699, 5306, 5475, 4143, 4720, 3607, 4207, 3551, 4383, 4148, 4151, 3512, 4238, 4303, 4562, 3549, 4002, 3704, 5308, 4456, 4269, 3928, 4035, 3272, 3895, 4014, 3681, 4773, 3620, 4191, 3682, 3578, 3905, 6304, 4550, 3299, 4761, 5382, 4411, 4951, 4377, 4098, 4222, 4032, 5205, 3237, 4151, 5431, 3321, 4789, 4964, 4328, 4926, 3404, 4302, 4934, 3190]
