2
[84, 72, 108, 182, 60, 119, 77, 158, 116, 68, 67, 97, 112, 87, 99, 196, 144, 74, 142, 85, 132, 171, 32, 79, 188, 210, 99, 157, 64, 125, 158, 101, 178, 192, 62, 169, 182, 37, 129, 58, 88, 55, 225, 139, 205, 188, 98, 136, 164, 78, 54, 109, 219, 95, 41, 109, 84, 158, 71, 82, 76, 230, 93, 181, 150, 116, 58, 69, 130, 79, 100, 230, 168, 95, 90, 70, 250, 152, 75, 94, 83, 140, 177, 147, 242, 154, 74, 107, 56, 159, 73, 95, 126, 286, 105, 62, 58, 218, 120, 109]
3
[195, 185, 130, 345, 192, 141, 166, 384, 165, 240, 245, 196, 230, 218, 276, 603, 314, 259, 421, 164, 325, 293, 169, 215, 438, 213, 101, 348, 275, 193, 251, 204, 330, 279, 137, 323, 327, 155, 173, 312, 172, 207, 305, 312, 345, 318, 268, 385, 264, 174, 102, 190, 294, 200, 133, 248, 177, 338, 265, 234, 226, 279, 131, 249, 320, 308, 162, 92, 409, 168, 385, 344, 400, 198, 116, 346, 334, 376, 264, 169, 256, 347, 318, 317, 457, 274, 210, 395, 176, 249, 251, 314, 222, 286, 203, 197, 198, 351, 107, 258]
4
[264, 285, 523, 384, 453, 446, 328, 387, 349, 321, 288, 437, 384, 316, 603, 454, 527, 428, 498, 392, 327, 386, 342, 436, 476, 454, 337, 379, 363, 472, 373, 499, 777, 629, 347, 572, 505, 175, 323, 296, 322, 333, 485, 689, 407, 583, 450, 374, 509, 231, 241, 311, 394, 366, 301, 267, 375, 253, 254, 291, 453, 521, 353, 516, 390, 301, 408, 392, 468, 300, 450, 309, 621, 480, 291, 387, 417, 482, 368, 291, 221, 619, 632, 457, 492, 371, 289, 351, 282, 366, 438, 428, 549, 813, 503, 260, 406, 501, 299, 240]
5
[550, 417, 636, 704, 500, 462, 456, 515, 601, 549, 429, 1190, 442, 360, 450, 690, 638, 631, 843, 484, 513, 591, 460, 349, 897, 647, 490, 672, 580, 534, 537, 633, 718, 625, 496, 443, 569, 340, 788, 585, 422, 578, 700, 792, 649, 660, 656, 576, 685, 406, 543, 593, 739, 592, 425, 557, 538, 555, 396, 428, 432, 710, 461, 755, 484, 634, 448, 362, 597, 613, 640, 512, 768, 505, 572, 666, 594, 937, 367, 422, 430, 631, 497, 838, 811, 544, 485, 744, 325, 708, 425, 640, 484, 540, 409, 601, 464, 508, 702, 542]
6
[628, 805, 651, 1017, 704, 823, 791, 752, 778, 859, 509, 1036, 742, 745, 767, 1138, 743, 908, 1077, 719, 800, 1180, 1090, 689, 990, 709, 752, 1003, 578, 631, 664, 759, 891, 1236, 732, 957, 786, 816, 759, 741, 621, 628, 997, 994, 906, 1026, 1054, 967, 827, 653, 804, 1073, 792, 933, 581, 709, 693, 855, 825, 957, 717, 845, 763, 879, 954, 845, 647, 611, 551, 1060, 826, 759, 830, 898, 833, 756, 755, 945, 595, 581, 689, 963, 756, 961, 742, 921, 623, 1268, 487, 825, 615, 525, 750, 878, 693, 855, 686, 1009, 897, 729]
7
[1230, 900, 804, 1585, 936, 1068, 869, 887, 1179, 949, 809, 1310, 936, 1214, 921, 1033, 1142, 1311, 825, 913, 1126, 1044, 663, 1113, 1155, 961, 754, 1216, 888, 894, 699, 1171, 884, 1107, 1091, 1291, 1369, 832, 626, 768, 772, 846, 1154, 1394, 1144, 1515, 931, 1332, 1039, 689, 675, 1347, 1015, 966, 918, 1030, 1305, 1396, 761, 778, 926, 1163, 783, 1207, 1055, 1051, 773, 880, 907, 1012, 1144, 776, 822, 1059, 723, 964, 1271, 899, 933, 1114, 991, 805, 1241, 1423, 953, 1178, 763, 1179, 673, 904, 1346, 952, 832, 1141, 812, 1113, 1072, 1299, 739, 842]
8
[1184, 1093, 1210, 1545, 1102, 1617, 1073, 1507, 1179, 1051, 1335, 1230, 1614, 1082, 1124, 1635, 1292, 1643, 1244, 1437, 1164, 1717, 1343, 1628, 1302, 1835, 1219, 1481, 1655, 1320, 1394, 1654, 1692, 1199, 974, 1232, 1910, 982, 1092, 1522, 1244, 747, 1499, 1413, 1249, 1507, 1601, 1415, 1459, 1184, 1367, 1267, 1231, 1089, 1116, 1374, 1120, 1221, 1139, 1352, 975, 1469, 969, 1283, 1507, 747, 1114, 1009, 1489, 1195, 1209, 1072, 1480, 1413, 1161, 1353, 1401, 1233, 813, 957, 1136, 1477, 1276, 1584, 1322, 1310, 978, 1543, 1174, 1466, 1416, 1336, 1537, 2137, 1208, 1272, 885, 1983, 1147, 1434]
9
[1264, 1190, 1503, 1521, 1166, 1742, 1298, 1700, 2479, 1636, 941, 1908, 1115, 1281, 1915, 1866, 2109, 1807, 1690, 1625, 1480, 1839, 1529, 1367, 1710, 1711, 1089, 1805, 1363, 1918, 1697, 1095, 1848, 1982, 1550, 1796, 1586, 1346, 1608, 1303, 1601, 1417, 1464, 1389, 1719, 2461, 1780, 1673, 1611, 1186, 1641, 1815, 1677, 1318, 1622, 1419, 1519, 1678, 1131, 1341, 2160, 2320, 1060, 1615, 1355, 1281, 1041, 1162, 1337, 1574, 1491, 1672, 1498, 1432, 1715, 1255, 1747, 1555, 1129, 1275, 1869, 1776, 1848, 1576, 1808, 1393, 1486, 1500, 1635, 1934, 1731, 1360, 1891, 2063, 1644, 1044, 1332, 1623, 1794, 1767]
10
[1194, 1960, 1309, 2136, 2077, 2003, 1757, 1863, 1755, 1822, 1536, 1955, 1697, 1430, 1915, 2234, 2185, 2113, 1961, 1925, 1766, 1980, 1647, 1714, 2145, 2005, 1598, 2997, 1799, 1973, 1546, 1995, 2099, 1738, 1495, 2128, 2624, 1234, 2057, 1351, 1714, 1495, 2494, 2000, 2195, 1828, 2397, 1407, 1350, 1578, 1446, 1694, 1936, 1175, 1390, 2207, 1889, 1678, 1873, 1747, 2219, 2124, 1743, 2253, 1802, 1454, 1857, 1470, 1810, 1349, 2033, 1836, 2204, 2125, 1604, 1272, 2321, 1740, 1710, 1402, 1759, 2911, 1839, 2384, 2220, 2096, 2135, 2516, 1525, 2120, 1433, 2148, 1453, 2001, 1860, 1416, 1656, 1922, 1801, 1666]
11
[2026, 1766, 1771, 2346, 1923, 2392, 2076, 2341, 2791, 1687, 1583, 1996, 1783, 1543, 2018, 2825, 2479, 1920, 1801, 2127, 1800, 2179, 1879, 1924, 2697, 2487, 2059, 1937, 2520, 1920, 2189, 2881, 1881, 2426, 1544, 2438, 2440, 1594, 1737, 1868, 1708, 2165, 2143, 2836, 2873, 2416, 2550, 2350, 1722, 2118, 2349, 2146, 2087, 1940, 2017, 2023, 1875, 1974, 1472, 2649, 2130, 2179, 2239, 2132, 1988, 2298, 1739, 1577, 2183, 1723, 2388, 2601, 2691, 2145, 1818, 1853, 2282, 2248, 2412, 1783, 2114, 2702, 2554, 2859, 2062, 2542, 1918, 2595, 1330, 2286, 1981, 2383, 1788, 2292, 2341, 2204, 1955, 2374, 2149, 1619]
12
[2167, 2481, 2211, 2706, 1870, 2659, 1792, 2347, 2108, 1910, 1604, 2633, 1761, 1687, 2497, 2960, 3492, 2927, 2510, 2408, 2170, 2209, 2348, 2139, 2845, 2954, 1968, 2613, 2140, 2077, 2217, 2674, 2858, 2149, 1842, 3031, 3673, 1803, 2231, 2173, 2140, 2440, 2757, 2550, 2448, 2616, 1765, 2140, 2232, 1632, 2530, 2534, 2393, 2298, 2325, 2288, 2324, 3471, 2630, 3160, 2639, 2135, 1725, 2333, 1715, 2392, 1773, 2326, 2259, 2630, 2645, 2127, 3180, 2786, 1873, 2447, 2643, 2716, 2182, 2087, 1858, 2819, 2537, 2733, 3061, 2736, 1976, 3475, 1728, 2600, 2994, 2366, 1957, 2866, 2639, 2640, 2260, 2957, 2681, 1668]
13
[2365, 2392, 1825, 2778, 2140, 2802, 2389, 2918, 2393, 2432, 2777, 3115, 3081, 1949, 3389, 2980, 2651, 2795, 2414, 2228, 2202, 3994, 2090, 2206, 3648, 3722, 1878, 2939, 2723, 2901, 2800, 3262, 2960, 2822, 2812, 3585, 2802, 2273, 1993, 2183, 2313, 2348, 2869, 2728, 2922, 3198, 2433, 2859, 2607, 1986, 2139, 3408, 2746, 2475, 2502, 2525, 2371, 3445, 2429, 2404, 2680, 2884, 2471, 3713, 2616, 2288, 2764, 2211, 3270, 2456, 2800, 2936, 2591, 3087, 1903, 2603, 3102, 2576, 2349, 2215, 2268, 2676, 2997, 2794, 2848, 2088, 2610, 2666, 2204, 3044, 2742, 2422, 1961, 2751, 4211, 2626, 2515, 2920, 3014, 2426]
