10
[56, 47, 57, 62, 53, 80, 50, 65, 57, 56, 55, 56, 59, 61, 58, 80, 63, 60, 62, 52, 53, 80, 56, 49, 67, 67, 59, 53, 57, 64, 53, 68, 66, 63, 55, 58, 74, 50, 51, 51, 56, 51, 65, 73, 67, 69, 55, 58, 56, 52, 47, 63, 62, 53, 46, 57, 67, 57, 56, 58, 57, 92, 55, 77, 54, 52, 48, 43, 62, 58, 69, 58, 87, 59, 49, 52, 66, 72, 55, 54, 54, 63, 71, 66, 59, 71, 50, 63, 49, 55, 58, 58, 57, 64, 56, 50, 55, 67, 59]
11
[53, 47, 51, 65, 63, 81, 48, 62, 55, 50, 52, 56, 51, 51, 54, 59, 69, 53, 64, 54, 70, 69, 51, 49, 80, 85, 52, 54, 56, 55, 56, 62, 69, 61, 56, 72, 64, 49, 58, 47, 55, 60, 62, 68, 63, 65, 67, 68, 58, 48, 48, 61, 61, 60, 44, 57, 61, 58, 54, 58, 56, 67, 51, 70, 56, 48, 48, 43, 58, 50, 56, 55, 73, 62, 53, 56, 74, 63, 52, 54, 53, 62, 75, 66, 65, 62, 49, 65, 47, 56, 59, 64, 62, 62, 55, 59, 52, 63, 50]
12
[51, 50, 51, 69, 53, 57, 48, 61, 56, 53, 58, 57, 70, 53, 57, 63, 65, 51, 68, 52, 54, 74, 48, 50, 65, 67, 52, 77, 60, 64, 52, 63, 90, 59, 63, 61, 65, 68, 53, 46, 51, 47, 61, 67, 80, 65, 66, 59, 63, 53, 53, 64, 73, 57, 44, 55, 55, 59, 51, 66, 70, 68, 52, 66, 62, 50, 56, 50, 56, 57, 66, 57, 64, 56, 53, 52, 66, 67, 48, 53, 54, 66, 64, 65, 60, 60, 57, 74, 47, 58, 73, 57, 54, 65, 63, 56, 51, 67, 55]
13
[49, 52, 53, 77, 60, 51, 54, 63, 57, 56, 52, 59, 59, 54, 57, 60, 78, 55, 65, 52, 48, 71, 45, 47, 67, 83, 51, 64, 61, 60, 61, 61, 83, 63, 51, 63, 62, 49, 52, 50, 52, 45, 62, 63, 71, 91, 65, 78, 57, 51, 47, 57, 62, 57, 47, 55, 54, 62, 72, 59, 50, 118, 64, 64, 60, 50, 49, 47, 57, 56, 62, 56, 69, 57, 52, 59, 70, 88, 46, 60, 60, 71, 75, 63, 61, 57, 46, 76, 45, 57, 66, 56, 55, 73, 56, 62, 51, 65, 50]
14
[57, 46, 49, 68, 56, 76, 49, 73, 55, 52, 53, 57, 77, 53, 66, 65, 70, 54, 64, 52, 50, 68, 50, 49, 73, 77, 55, 55, 61, 70, 62, 72, 72, 60, 52, 62, 68, 51, 51, 48, 57, 55, 76, 67, 71, 88, 82, 64, 56, 48, 48, 77, 62, 50, 45, 57, 50, 60, 59, 57, 54, 81, 52, 73, 64, 52, 58, 43, 54, 48, 72, 57, 65, 71, 59, 60, 66, 64, 47, 63, 53, 66, 67, 63, 82, 56, 66, 70, 45, 55, 68, 57, 53, 72, 56, 47, 54, 69, 69]
15
[49, 48, 49, 73, 56, 58, 50, 66, 56, 51, 55, 63, 65, 54, 68, 62, 60, 48, 65, 54, 57, 75, 48, 46, 88, 68, 59, 53, 61, 56, 62, 68, 77, 71, 51, 60, 63, 50, 53, 51, 62, 60, 64, 67, 81, 68, 60, 56, 61, 47, 46, 62, 63, 55, 46, 52, 51, 53, 54, 67, 63, 78, 57, 63, 58, 57, 57, 42, 62, 47, 56, 57, 68, 56, 49, 52, 72, 68, 52, 56, 51, 73, 61, 65, 60, 68, 56, 65, 45, 60, 69, 61, 55, 71, 56, 61, 54, 69, 55]
16
[60, 62, 53, 61, 57, 61, 53, 61, 58, 51, 54, 58, 57, 53, 55, 61, 58, 59, 60, 52, 53, 73, 50, 48, 70, 69, 51, 57, 61, 59, 53, 57, 64, 66, 53, 58, 72, 54, 65, 49, 53, 45, 67, 61, 70, 65, 64, 59, 61, 48, 48, 56, 65, 50, 51, 52, 54, 64, 59, 50, 50, 68, 54, 81, 56, 57, 49, 51, 60, 48, 63, 65, 72, 59, 49, 51, 66, 74, 48, 59, 56, 63, 62, 69, 65, 61, 46, 65, 48, 56, 60, 57, 54, 69, 55, 47, 59, 80, 48]
17
[50, 50, 59, 65, 54, 57, 53, 63, 65, 55, 62, 65, 52, 59, 58, 61, 59, 52, 61, 53, 51, 65, 45, 45, 69, 68, 51, 54, 60, 58, 57, 63, 64, 66, 51, 65, 69, 51, 55, 46, 51, 49, 69, 80, 67, 63, 74, 75, 61, 48, 52, 54, 69, 62, 44, 53, 50, 65, 53, 59, 51, 75, 51, 68, 55, 51, 52, 48, 60, 47, 68, 59, 64, 56, 57, 68, 69, 62, 59, 55, 52, 65, 61, 65, 59, 78, 50, 64, 46, 67, 55, 60, 61, 63, 55, 48, 61, 63, 49]
18
[51, 49, 51, 66, 52, 67, 52, 66, 63, 52, 53, 57, 54, 53, 55, 68, 59, 49, 63, 53, 55, 64, 49, 46, 72, 71, 58, 53, 60, 62, 52, 63, 74, 59, 59, 64, 70, 57, 55, 47, 51, 49, 80, 59, 72, 65, 69, 62, 60, 49, 47, 57, 68, 52, 46, 60, 50, 59, 54, 53, 51, 68, 55, 62, 64, 53, 50, 45, 62, 54, 52, 57, 70, 61, 52, 54, 68, 65, 49, 56, 50, 64, 66, 64, 61, 59, 54, 72, 47, 55, 59, 58, 55, 62, 66, 47, 53, 68, 55]
19
[51, 51, 55, 63, 50, 57, 51, 67, 55, 57, 54, 57, 53, 53, 57, 72, 58, 73, 74, 59, 48, 69, 47, 47, 70, 86, 54, 54, 58, 54, 53, 59, 68, 66, 51, 63, 62, 50, 54, 50, 52, 49, 70, 65, 66, 83, 64, 57, 71, 50, 54, 57, 62, 53, 44, 58, 53, 55, 54, 63, 56, 68, 53, 66, 69, 52, 47, 47, 54, 48, 66, 55, 70, 58, 49, 51, 79, 74, 49, 54, 55, 64, 63, 73, 64, 68, 49, 61, 45, 58, 61, 62, 54, 65, 58, 53, 52, 73, 58]
20
[51, 53, 54, 65, 51, 57, 56, 63, 55, 65, 57, 57, 59, 58, 58, 69, 59, 62, 68, 52, 58, 73, 44, 48, 69, 68, 52, 54, 59, 55, 57, 72, 74, 64, 51, 59, 64, 49, 58, 54, 59, 53, 60, 57, 74, 66, 68, 59, 57, 50, 50, 61, 61, 55, 45, 60, 60, 55, 52, 70, 49, 79, 55, 71, 67, 50, 54, 47, 52, 51, 67, 65, 65, 65, 67, 60, 66, 68, 48, 56, 53, 64, 64, 75, 63, 62, 46, 59, 47, 57, 58, 64, 55, 60, 57, 49, 57, 67, 60]
21
[49, 49, 49, 67, 54, 68, 52, 65, 64, 55, 52, 55, 53, 57, 54, 62, 66, 58, 62, 53, 52, 65, 49, 46, 66, 71, 54, 58, 65, 55, 53, 66, 68, 63, 51, 61, 66, 50, 60, 49, 52, 48, 66, 72, 67, 78, 66, 57, 67, 50, 46, 70, 64, 55, 44, 53, 60, 60, 54, 54, 51, 74, 52, 64, 65, 49, 52, 50, 53, 55, 52, 58, 69, 56, 51, 53, 66, 76, 46, 54, 59, 67, 68, 69, 61, 60, 49, 63, 48, 62, 72, 60, 59, 62, 55, 47, 51, 64, 62]
22
[50, 47, 53, 64, 52, 66, 49, 66, 60, 55, 54, 59, 52, 52, 54, 60, 61, 73, 67, 53, 52, 72, 49, 47, 67, 61, 60, 57, 68, 56, 55, 64, 67, 62, 53, 62, 65, 54, 50, 46, 53, 51, 69, 63, 69, 66, 66, 56, 59, 47, 49, 61, 65, 56, 46, 53, 53, 68, 53, 51, 52, 75, 61, 68, 57, 50, 50, 46, 54, 49, 73, 55, 68, 66, 50, 59, 66, 63, 49, 56, 51, 64, 62, 66, 64, 77, 59, 66, 48, 68, 68, 58, 54, 67, 61, 50, 51, 67, 59]
23
[52, 48, 51, 66, 54, 65, 53, 64, 55, 54, 53, 72, 56, 54, 60, 76, 68, 52, 68, 60, 50, 66, 44, 50, 65, 65, 63, 58, 59, 62, 54, 62, 79, 64, 51, 59, 72, 55, 55, 48, 56, 48, 61, 63, 74, 66, 72, 71, 58, 50, 51, 63, 63, 50, 50, 59, 64, 55, 55, 55, 51, 70, 51, 62, 54, 51, 50, 42, 53, 52, 62, 56, 65, 62, 51, 56, 82, 63, 49, 59, 59, 65, 61, 72, 63, 59, 52, 66, 45, 62, 56, 63, 54, 65, 56, 49, 51, 77, 57]
24
[50, 48, 53, 63, 58, 68, 51, 62, 73, 54, 54, 58, 55, 52, 65, 71, 60, 61, 60, 57, 48, 79, 57, 50, 70, 67, 55, 53, 59, 55, 53, 67, 68, 67, 53, 59, 63, 49, 54, 50, 52, 46, 60, 61, 75, 68, 55, 56, 62, 49, 52, 77, 63, 56, 51, 55, 49, 62, 58, 66, 50, 67, 51, 63, 65, 52, 49, 47, 56, 48, 58, 68, 74, 60, 52, 53, 69, 60, 50, 53, 52, 67, 69, 65, 63, 57, 46, 60, 44, 58, 57, 59, 53, 60, 56, 48, 53, 68, 50]
25
[51, 52, 52, 67, 51, 60, 57, 62, 55, 50, 54, 60, 52, 52, 60, 65, 59, 51, 65, 52, 49, 65, 46, 45, 71, 62, 51, 55, 58, 57, 54, 66, 69, 70, 52, 66, 65, 59, 50, 46, 52, 51, 60, 66, 66, 66, 63, 59, 59, 51, 58, 56, 62, 55, 46, 55, 58, 57, 53, 65, 58, 69, 54, 64, 59, 54, 48, 49, 57, 50, 54, 58, 80, 56, 59, 54, 64, 63, 49, 61, 56, 66, 70, 68, 61, 61, 49, 76, 45, 60, 61, 61, 54, 65, 64, 55, 52, 65, 51]
26
[54, 51, 49, 72, 51, 58, 61, 69, 59, 56, 55, 56, 52, 53, 58, 64, 65, 53, 59, 52, 48, 67, 44, 51, 70, 66, 52, 53, 61, 59, 53, 61, 69, 63, 56, 58, 69, 53, 55, 56, 55, 56, 62, 63, 73, 73, 62, 59, 58, 49, 47, 55, 68, 55, 44, 53, 57, 57, 54, 56, 53, 75, 50, 62, 57, 48, 52, 49, 52, 56, 62, 60, 66, 56, 53, 60, 70, 79, 47, 56, 56, 66, 63, 69, 61, 65, 50, 69, 45, 59, 62, 57, 65, 61, 70, 50, 51, 66, 53]
27
[49, 46, 54, 62, 53, 55, 51, 66, 59, 51, 53, 56, 51, 52, 63, 61, 62, 64, 61, 59, 54, 76, 46, 45, 69, 78, 54, 59, 74, 59, 59, 65, 67, 61, 55, 65, 61, 55, 52, 48, 51, 49, 69, 67, 72, 73, 63, 58, 61, 49, 53, 58, 66, 53, 51, 56, 54, 58, 55, 58, 51, 66, 53, 67, 66, 65, 48, 45, 54, 56, 57, 56, 73, 56, 50, 56, 74, 63, 47, 56, 51, 66, 63, 67, 60, 61, 48, 60, 45, 57, 62, 59, 55, 61, 58, 52, 51, 64, 58]
28
[50, 48, 55, 62, 55, 57, 53, 71, 54, 53, 52, 64, 58, 56, 72, 62, 61, 51, 62, 53, 53, 68, 55, 52, 72, 75, 56, 54, 65, 58, 54, 64, 77, 66, 56, 60, 71, 54, 53, 51, 51, 48, 65, 65, 73, 69, 62, 65, 56, 53, 46, 62, 62, 52, 45, 54, 53, 64, 52, 60, 50, 79, 51, 76, 58, 53, 50, 47, 53, 46, 57, 66, 69, 59, 51, 56, 67, 79, 51, 58, 53, 63, 73, 68, 66, 68, 46, 60, 47, 61, 67, 60, 55, 63, 55, 52, 54, 66, 53]
29
[49, 49, 50, 66, 51, 65, 53, 62, 58, 55, 54, 58, 54, 54, 59, 65, 62, 55, 60, 52, 50, 64, 45, 45, 69, 61, 53, 53, 62, 60, 53, 65, 67, 66, 55, 59, 69, 57, 52, 51, 56, 48, 63, 70, 71, 70, 63, 63, 70, 48, 50, 62, 72, 56, 46, 57, 49, 66, 55, 59, 53, 68, 54, 65, 61, 49, 58, 43, 54, 49, 55, 57, 68, 58, 51, 59, 67, 69, 50, 57, 52, 68, 62, 76, 71, 61, 49, 63, 45, 58, 65, 58, 56, 70, 58, 50, 51, 64, 54]
30
[50, 48, 50, 63, 57, 62, 52, 72, 55, 60, 57, 55, 53, 54, 58, 63, 67, 51, 63, 55, 48, 66, 47, 46, 69, 65, 60, 59, 61, 66, 53, 60, 74, 66, 50, 65, 70, 49, 53, 49, 53, 47, 62, 63, 70, 66, 63, 60, 63, 52, 47, 58, 62, 55, 45, 54, 52, 52, 62, 59, 50, 74, 63, 69, 56, 51, 52, 44, 53, 50, 61, 56, 70, 59, 55, 59, 72, 64, 56, 57, 52, 71, 66, 65, 73, 66, 54, 69, 45, 59, 58, 61, 54, 63, 64, 50, 51, 67, 61]
31
[49, 46, 52, 68, 51, 63, 51, 63, 62, 54, 52, 66, 59, 51, 57, 60, 65, 59, 65, 53, 59, 72, 47, 47, 69, 64, 54, 60, 65, 63, 54, 59, 65, 68, 51, 60, 67, 50, 54, 56, 57, 49, 68, 71, 72, 67, 71, 60, 57, 49, 51, 63, 67, 55, 44, 56, 49, 61, 52, 59, 49, 69, 54, 69, 57, 50, 55, 45, 59, 47, 57, 60, 70, 55, 52, 57, 85, 64, 46, 54, 51, 62, 63, 66, 64, 61, 52, 61, 53, 62, 69, 56, 54, 62, 58, 48, 54, 66, 55]
32
[49, 49, 51, 69, 50, 65, 51, 63, 61, 52, 52, 59, 59, 51, 62, 65, 62, 51, 68, 53, 52, 79, 48, 51, 71, 65, 51, 56, 63, 60, 55, 67, 72, 68, 52, 58, 66, 49, 57, 49, 57, 46, 65, 64, 68, 68, 64, 55, 60, 51, 51, 55, 63, 51, 45, 56, 50, 52, 59, 64, 52, 71, 56, 64, 57, 50, 49, 44, 53, 49, 60, 61, 66, 60, 49, 58, 69, 69, 48, 53, 53, 69, 62, 76, 68, 69, 48, 72, 47, 59, 56, 61, 55, 65, 59, 48, 53, 66, 51]
33
[50, 47, 49, 74, 56, 51, 52, 67, 56, 51, 54, 66, 55, 54, 56, 64, 61, 54, 62, 53, 54, 68, 46, 50, 66, 64, 55, 56, 62, 58, 53, 60, 75, 62, 50, 68, 63, 49, 51, 49, 53, 48, 73, 76, 62, 67, 64, 59, 58, 49, 46, 60, 68, 53, 45, 52, 54, 56, 52, 57, 54, 69, 50, 65, 60, 53, 52, 46, 53, 49, 66, 60, 66, 58, 49, 51, 66, 65, 63, 55, 55, 63, 63, 63, 70, 70, 48, 83, 52, 59, 67, 72, 54, 68, 65, 52, 54, 64, 57]
34
[52, 50, 54, 66, 57, 62, 51, 73, 54, 55, 52, 59, 51, 59, 56, 61, 61, 53, 61, 54, 50, 72, 46, 48, 69, 70, 51, 56, 57, 55, 61, 65, 68, 60, 52, 63, 78, 52, 51, 47, 54, 48, 64, 62, 80, 68, 66, 64, 63, 48, 46, 58, 65, 55, 44, 62, 51, 60, 52, 56, 56, 73, 52, 70, 56, 50, 51, 44, 57, 50, 56, 56, 67, 56, 50, 59, 69, 70, 53, 56, 56, 65, 63, 63, 69, 60, 49, 60, 47, 64, 58, 70, 65, 66, 60, 47, 51, 65, 62]
35
[49, 54, 52, 69, 50, 56, 55, 64, 59, 53, 52, 56, 50, 52, 64, 67, 64, 54, 65, 56, 51, 67, 51, 50, 74, 66, 53, 56, 58, 59, 54, 61, 67, 63, 60, 59, 66, 49, 52, 49, 53, 48, 62, 71, 66, 68, 62, 66, 63, 48, 47, 57, 66, 55, 47, 60, 49, 54, 52, 54, 50, 73, 52, 63, 65, 48, 51, 50, 54, 50, 62, 58, 72, 56, 50, 54, 68, 63, 52, 54, 52, 63, 66, 64, 63, 63, 47, 65, 47, 58, 68, 58, 53, 64, 59, 51, 54, 64, 55]
36
[56, 50, 51, 65, 50, 65, 53, 64, 54, 50, 55, 58, 54, 55, 57, 64, 64, 63, 64, 55, 55, 63, 50, 49, 65, 64, 54, 67, 59, 60, 55, 63, 77, 64, 51, 63, 73, 50, 51, 47, 52, 47, 62, 64, 69, 66, 60, 57, 61, 51, 49, 54, 64, 52, 45, 57, 51, 61, 55, 57, 54, 63, 57, 67, 61, 53, 50, 49, 57, 49, 65, 60, 66, 62, 53, 54, 69, 69, 54, 54, 51, 65, 62, 70, 63, 59, 48, 74, 51, 69, 66, 61, 53, 65, 56, 56, 52, 66, 51]
37
[51, 47, 51, 63, 49, 55, 56, 66, 58, 61, 54, 61, 56, 53, 57, 60, 66, 59, 65, 53, 54, 67, 46, 48, 67, 61, 54, 62, 66, 63, 53, 61, 70, 63, 52, 67, 67, 51, 53, 53, 53, 54, 63, 60, 68, 66, 62, 61, 62, 50, 50, 55, 65, 54, 50, 53, 58, 53, 52, 54, 52, 73, 52, 67, 57, 52, 51, 51, 57, 49, 58, 59, 67, 57, 56, 51, 74, 75, 50, 54, 53, 67, 66, 73, 72, 55, 45, 69, 46, 57, 70, 62, 60, 67, 58, 52, 54, 72, 55]
38
[56, 46, 51, 68, 50, 55, 50, 70, 59, 55, 52, 59, 56, 55, 56, 67, 66, 58, 65, 52, 50, 79, 44, 54, 72, 63, 53, 56, 66, 60, 53, 63, 71, 61, 53, 63, 63, 52, 53, 50, 52, 49, 66, 63, 69, 68, 64, 62, 65, 50, 47, 58, 62, 56, 53, 61, 54, 57, 54, 59, 53, 76, 51, 66, 62, 52, 48, 45, 54, 48, 57, 62, 64, 64, 56, 54, 66, 69, 52, 57, 54, 65, 60, 63, 64, 62, 45, 64, 46, 73, 59, 58, 58, 63, 58, 56, 51, 68, 62]
39
[49, 57, 51, 65, 48, 67, 51, 70, 59, 53, 54, 57, 54, 51, 60, 63, 68, 50, 62, 53, 52, 73, 46, 52, 73, 71, 51, 56, 60, 56, 52, 63, 69, 64, 51, 58, 68, 56, 57, 49, 51, 47, 67, 65, 69, 64, 68, 59, 58, 49, 48, 55, 65, 60, 45, 53, 50, 56, 52, 61, 52, 89, 53, 69, 66, 54, 50, 44, 56, 49, 59, 61, 69, 56, 51, 61, 74, 63, 49, 54, 50, 63, 65, 71, 72, 59, 48, 66, 47, 63, 68, 64, 58, 69, 55, 60, 53, 64, 51]
40
[53, 46, 54, 65, 51, 61, 50, 65, 59, 53, 58, 65, 54, 54, 60, 64, 62, 58, 60, 52, 51, 76, 46, 50, 66, 60, 51, 55, 70, 60, 56, 64, 71, 68, 53, 74, 67, 50, 53, 50, 52, 47, 62, 66, 70, 65, 63, 57, 58, 48, 49, 57, 66, 52, 50, 57, 55, 56, 56, 61, 54, 71, 53, 67, 62, 56, 49, 47, 61, 47, 54, 59, 65, 58, 50, 55, 74, 71, 47, 61, 51, 70, 67, 71, 63, 65, 47, 64, 45, 55, 57, 56, 54, 68, 57, 51, 53, 70, 57]
41
[52, 49, 52, 66, 51, 57, 51, 63, 57, 51, 60, 57, 56, 57, 70, 66, 60, 58, 59, 56, 48, 68, 52, 46, 68, 60, 57, 57, 56, 56, 60, 64, 72, 61, 52, 61, 65, 53, 53, 50, 52, 48, 64, 71, 70, 65, 63, 59, 61, 48, 48, 54, 65, 53, 50, 52, 55, 55, 52, 54, 56, 73, 56, 65, 59, 53, 49, 46, 59, 49, 58, 57, 75, 63, 51, 55, 66, 61, 47, 54, 57, 66, 67, 64, 64, 62, 50, 68, 44, 57, 61, 58, 58, 66, 57, 48, 52, 66, 53]
42
[56, 52, 56, 73, 56, 55, 52, 68, 56, 52, 54, 56, 54, 53, 57, 72, 66, 63, 64, 54, 49, 68, 45, 45, 67, 68, 59, 62, 57, 57, 55, 65, 68, 60, 50, 61, 61, 49, 53, 50, 55, 48, 66, 69, 76, 63, 69, 63, 58, 48, 56, 61, 64, 53, 47, 55, 57, 64, 51, 59, 51, 75, 52, 69, 57, 58, 49, 46, 65, 49, 69, 61, 71, 56, 50, 51, 69, 68, 47, 53, 50, 67, 64, 68, 67, 59, 49, 64, 52, 58, 59, 65, 54, 63, 55, 50, 52, 69, 50]
